      Ferrosilite
      Smyth J R
      American Mineralogist 58 (1973) 636-648
      An orthopyroxene structure up to 850 C
      T = 20 C
      _database_code_amcsd 0000362
      CELL PARAMETERS:  18.3370  8.9710  5.2320   90.000   90.000   90.000
      SPACE GROUP: Pbca      
      X-RAY WAVELENGTH:     1.790290
      Cell Volume:    860.670
      Density (g/cm3):      3.754
      MAX. ABS. INTENSITY / VOLUME**2:      5.108812767    
      RIR:      0.635
      RIR based on corundum from Acta Crystallographica A38 (1982) 733-739
               2-THETA      INTENSITY    D-SPACING   H   K   L   Multiplicity
                16.05         14.85        6.4121    2   1   0         4
                22.52         42.33        4.5842    4   0   0         2
                23.54         11.92        4.3882    1   1   1         8
                25.51         14.47        4.0538    2   1   1         8
                28.52          7.47        3.6340    3   1   1         8
                30.48          2.70        3.4053    0   2   1         4
                31.01          9.14        3.3481    1   2   1         8
                32.30         15.10        3.2184    4   1   1         8
                32.43        100.00        3.2061    4   2   0         4
                32.57         81.04        3.1923    2   2   1         8
                34.06          1.02        3.0562    6   0   0         2
                35.02         71.82        2.9748    3   2   1         8
                36.05         91.91        2.8929    6   1   0         4
                36.64         52.35        2.8478    5   1   1         8
                38.23         47.65        2.7336    4   2   1         8
                40.44         11.69        2.5898    1   0   2         4
                40.76         96.12        2.5706    1   3   1         8
                41.41         10.90        2.5317    6   1   1         8
                41.69         45.72        2.5156    2   0   2         4
                42.00         38.41        2.4980    2   3   1         8
                42.04         37.91        2.4954    5   2   1         8
                42.17          1.91        2.4882    1   1   2         8
                43.70         33.12        2.4050    3   0   2         4
                44.00          2.69        2.3896    3   3   1         8
                45.33          2.83        2.3230    3   1   2         8
                45.98          2.11        2.2921    8   0   0         2
                46.40          1.96        2.2721    4   0   2         4
                46.53         12.81        2.2664    7   1   1         8
                46.67          2.91        2.2598    0   2   2         4
                46.69          4.59        2.2591    4   3   1         8
                47.05          3.75        2.2428    1   2   2         8
                47.05          1.64        2.2427    0   4   0         2
                47.96          3.11        2.2025    4   1   2         8
                49.52          3.80        2.1374    6   3   0         4
                49.71         45.21        2.1297    5   0   2         4
                49.96         12.12        2.1195    3   2   2         8
                49.98         46.60        2.1190    5   3   1         8
                51.08         12.49        2.0763    7   2   1         8
                51.19         13.40        2.0721    5   1   2         8
                51.82         10.46        2.0484    1   4   1         8
                51.94          4.01        2.0443    8   1   1         8
                52.02          7.72        2.0411    8   2   0         4
                52.42          1.05        2.0269    4   2   2         8
                52.76          9.54        2.0146    4   4   0         4
                52.86         11.27        2.0111    2   4   1         8
                53.80         37.85        1.9786    6   3   1         8
                55.46          1.64        1.9239    5   2   2         8
                56.17         10.24        1.9015    8   2   1         8
                56.87          1.86        1.8800    4   4   1         8
                57.84         18.34        1.8511    7   0   2         4
                58.08          3.51        1.8440    7   3   1         8
                59.03          4.14        1.8170    6   2   2         8
                59.31          1.72        1.8091    4   3   2         8
                59.76          5.02        1.7969    5   4   1         8
                59.77          3.90        1.7966   10   1   0         4
================================================================================
       XPOW Copyright 1993 Bob Downs, Ranjini Swaminathan and Kurt Bartelmehs
  For reference, see Downs et al. (1993) American Mineralogist 78, 1104-1107.