TNA31-230-ka20150324-edit_sub-mylar-bkg
# RIR 3.27

RIR 1.0

# CHEMISTRY 
FeO 100

# MDI
 4  0.0588889  1 Co 1.79027  56.94112  900 
 1177650 
 1177650 
 1211395 
 1127819 
 1093995 
 1057766 
 997855.3 
 973679.3 
 952885.4 
 858298.4 
 843591 
 854776.4 
 787835.8 
 751455.4 
 737618 
 686832.9 
 653870.5 
 619340.9 
 629450.8 
 597055.1 
 573354.1 
 529552.3 
 518801.5 
 503267.6 
 490820.2 
 472758.3 
 459720.2 
 427900.4 
 389105.3 
 411117.2 
 400183 
 367526.6 
 368854.4 
 389090.4 
 336862.8 
 301043.7 
 331266.2 
 313873.4 
 304304.8 
 289243.3 
 285964.8 
 281825.8 
 255835 
 232844.2 
 263634.2 
 228859.9 
 232839.9 
 203164.5 
 208422.7 
 226989.1 
 191855.7 
 199658.1 
 183911.3 
 181232.8 
 158606.1 
 170536.9 
 170544.2 
 148915.4 
 171975.4 
 166588.8 
 149292.9 
 153031.5 
 154405 
 133527.1 
 143768.5 
 131203.2 
 129749.5 
 119796.6 
 114021.6 
 132344.2 
 115587.5 
 104656.3 
 113530.7 
 105481.4 
 121250.8 
 103305.2 
 91737.28 
 107586.4 
 100053.5 
 107066.6 
 89180.18 
 104925.6 
 86910.41 
 101620.5 
 105010.3 
 91806.98 
 72434.81 
 95688 
 97299.53 
 67116.98 
 84419.13 
 78864.15 
 78117.48 
 80525.59 
 73039.16 
 83406.2 
 62555.3 
 72156.48 
 62742.48 
 59084.83 
 64178.23 
 55709.59 
 47032.91 
 63834.1 
 61195.43 
 44999.96 
 56010.88 
 48572.74 
 47016.7 
 37406.91 
 51274 
 45485.25 
 52401.29 
 50894.7 
 40364.26 
 49345.77 
 48682.95 
 40742.58 
 48954.58 
 46997.6 
 47774.24 
 39910.22 
 48483.43 
 47849.62 
 55585.58 
 43504.5 
 36471.55 
 36803.97 
 35165.91 
 42299.59 
 27864.61 
 34791.26 
 39338.75 
 37104.11 
 28548.57 
 29006.69 
 21883.15 
 23158.26 
 35632.36 
 34345.58 
 43450.56 
 23666.74 
 31268.6 
 34216.36 
 35178.43 
 30452.12 
 34764.28 
 29488.2 
 37554.14 
 21850.07 
 21462.25 
 14087.33 
 30044.19 
 30345.57 
 22038.15 
 41822.66 
 29289.8 
 26991.88 
 22399.03 
 23133.68 
 24590.29 
 16728.62 
 25887.06 
 10883.23 
 23559.35 
 19506.93 
 20505.53 
 21023.69 
 13285.4 
 27153.59 
 21264.06 
 23051.22 
 18597.91 
 17817.09 
 13574.72 
 20550.93 
 16838.99 
 7494.814 
 14506.73 
 17406.58 
 19085.76 
 33042.69 
 0 
 17214.57 
 18640.06 
 7258.372 
 22198.72 
 12567.95 
 6522.472 
 27127.26 
 26396.59 
 14554.72 
 17193.91 
 12934.7 
 19936.45 
 17987.66 
 27246.42 
 22184.86 
 24454.87 
 10457.86 
 15614.22 
 19646.64 
 20672.29 
 14811.37 
 31253.41 
 4657.494 
 14490.55 
 29148.98 
 14372.61 
 20058.24 
 20154.73 
 11055.35 
 18604.18 
 20397.55 
 13693.83 
 23491.82 
 15649.17 
 14102.3 
 11483.87 
 26780.8 
 11953.27 
 20432.52 
 11910.69 
 21088.96 
 18473.42 
 12971.1 
 23131.74 
 7112.589 
 26314.7 
 21584.8 
 22588.38 
 27368.83 
 6208.787 
 17295.94 
 28233.68 
 5651.45 
 21746.08 
 20062.37 
 14402.11 
 10882.95 
 20958.48 
 22188.94 
 14521.48 
 22306.59 
 16124.05 
 24163.63 
 28951.42 
 23306.5 
 16351.97 
 30160.43 
 21439.3 
 15424.46 
 21095.15 
 25603.26 
 24476.61 
 13922.84 
 20035.27 
 21485.97 
 28148.7 
 17100.02 
 17164.06 
 25450.67 
 27301.2 
 17552.53 
 24648.97 
 19054.48 
 22714.64 
 15577.78 
 18756.4 
 21554.02 
 26481.96 
 18409.83 
 18093.99 
 17789.26 
 19660.63 
 21985.37 
 16809.79 
 21329.63 
 16521.46 
 31094.76 
 17549.53 
 34034.84 
 11431.6 
 29937.75 
 20535.76 
 17851 
 29270.75 
 20674.37 
 15307.81 
 20174.3 
 16141.49 
 31424.52 
 17243.69 
 37552.88 
 27744.33 
 22780.94 
 17852.21 
 28268.8 
 16501.75 
 35835.33 
 16715.49 
 25610.36 
 17011.74 
 27964.32 
 31880.57 
 28302.03 
 24858.88 
 21917.05 
 16855.02 
 25862.1 
 9563.555 
 23607.46 
 23744.42 
 22839.02 
 29351.88 
 21414.77 
 28886.36 
 8843.576 
 27472.6 
 24251.3 
 14582.34 
 28958.97 
 19315.76 
 27530.42 
 23960.92 
 20536.33 
 28074.93 
 28739.96 
 23485.73 
 24759.66 
 18331.99 
 25941.05 
 20921.74 
 31556.97 
 15448.11 
 27151.73 
 19678.32 
 39201.66 
 17024.26 
 35627.16 
 15205.62 
 25943.91 
 23646.37 
 11803.47 
 36352.11 
 15009.17 
 31572.29 
 14195.17 
 22699.02 
 19114.26 
 14153.02 
 16429.93 
 28378.61 
 9742.512 
 39113.75 
 22342.7 
 25361.01 
 23623.03 
 32070.32 
 20361.64 
 29493.18 
 23075.37 
 13908.29 
 31053.31 
 17363.07 
 22864.25 
 32007.21 
 28935.85 
 16560.45 
 35998.45 
 36369.45 
 25517.16 
 37079.26 
 32602.92 
 19317.07 
 39138.53 
 37077.51 
 20295.48 
 30711.25 
 26656.29 
 46300.15 
 27283.49 
 43967.73 
 18053.62 
 30701.64 
 39879.12 
 33720.72 
 22614.09 
 41666.26 
 24647.71 
 34761 
 37050.82 
 29397.56 
 43377.78 
 35456.7 
 43705.15 
 40831.58 
 40350.51 
 26219.04 
 55391.05 
 40601.25 
 27372.92 
 45453.54 
 44550.12 
 38674.59 
 41189.53 
 32030.8 
 53467.98 
 33733.48 
 46792.65 
 39725.44 
 35124.28 
 32342.96 
 39105.55 
 36283.27 
 41790.25 
 44030.51 
 44360.31 
 36846.03 
 44285.56 
 51460.78 
 44784.66 
 46587.32 
 54718.18 
 47133.88 
 42661.23 
 64261.43 
 49066.3 
 38853.24 
 54544.07 
 40568.12 
 48725.31 
 57411.6 
 41234.53 
 45839.79 
 58615.09 
 55733.54 
 43175.89 
 58132.56 
 41754 
 49541.26 
 47971.37 
 55098.95 
 41837.82 
 64477.92 
 61368.71 
 53179.21 
 60824.16 
 49158 
 49622.27 
 68227.45 
 46629.43 
 55443.78 
 61141.04 
 50179.17 
 68987.23 
 54722.48 
 70313.63 
 64781.12 
 56412.28 
 72639.66 
 65954.86 
 73387.16 
 56082.39 
 74046.94 
 58196.85 
 65192.67 
 64027.29 
 63493.73 
 79999.15 
 69409.41 
 67398.79 
 71087.84 
 76780.87 
 72119.44 
 52951.05 
 77956.41 
 81698.88 
 87478.22 
 69196.16 
 75769.55 
 78419.95 
 79279.74 
 66692.03 
 83328.04 
 87537.46 
 66978.83 
 83723.85 
 86462.28 
 73207.1 
 90027.91 
 82631.28 
 80655.37 
 75747.84 
 84465.12 
 84304.28 
 92264.08 
 87658.27 
 92639.98 
 100010.6 
 96812.07 
 102414 
 90310.57 
 100064.7 
 97494.93 
 99022.41 
 108693.2 
 95361.82 
 102554.8 
 98484.56 
 110720.3 
 110188.2 
 117470.4 
 104251.1 
 105326.1 
 111236.5 
 109793.6 
 111099.5 
 104297.8 
 120502.4 
 97342.2 
 114463.4 
 113813.3 
 104152.2 
 119918.9 
 115280.8 
 116086.8 
 120097.7 
 111779.6 
 122860.3 
 117644.4 
 118878.2 
 122669.7 
 127341.4 
 123519.2 
 132672.3 
 131592.7 
 120317 
 130188.7 
 126230.4 
 134192.2 
 130413.5 
 133132.7 
 135341 
 130482.2 
 141628.7 
 149147.8 
 140043.1 
 137626.5 
 149767.8 
 148355.3 
 132235 
 145718.2 
 144445.1 
 150560.3 
 144228.6 
 158827.6 
 146826.7 
 142496 
 168253.2 
 153577.1 
 147783.7 
 159274.4 
 155250.4 
 167245.7 
 161035.7 
 161419.4 
 149674.8 
 168729.6 
 161483.5 
 166449.7 
 162513.7 
 157573.6 
 162048.2 
 176293.7 
 158930.6 
 158826.9 
 162623.8 
 166288.7 
 151778.5 
 177575.6 
 151865.3 
 172561.9 
 170821.7 
 184071.2 
 174292.7 
 185384.6 
 183903.3 
 172172.2 
 175775.7 
 167187.4 
 186203.1 
 177032.5 
 179747.8 
 189488.4 
 192188.8 
 173957.9 
 187143.2 
 195787.4 
 181055.1 
 177428.3 
 185663.7 
 188114.1 
 189030.5 
 194415.9 
 178332 
 188172.8 
 193137.5 
 190953.9 
 180428.5 
 192890 
 185495.1 
 189556.9 
 199875.7 
 192396.3 
 191125.3 
 198548.1 
 205363.9 
 196407 
 184128.2 
 173147 
 211990.5 
 184480.2 
 195464.8 
 202501.7 
 173825.6 
 198639.8 
 198802 
 193283.7 
 185659.6 
 192233.7 
 183628.7 
 200523.2 
 201583 
 169633.7 
 189695.3 
 195682.7 
 173340.4 
 156836.4 
 174507.3 
 189461.4 
 169523.7 
 168144.1 
 183388.8 
 150787.9 
 193211 
 177847.6 
 149583.3 
 163472.4 
 160979.5 
 163279.6 
 151188 
 161769.6 
 150660.6 
 155357.5 
 154877.7 
 153239.9 
 131351.5 
 141688.3 
 141557.2 
 148931.3 
 132563 
 126251.3 
 128566.3 
 128850.3 
 126462.8 
 127918.2 
 104798.7 
 127028.2 
 122510.6 
 115145.4 
 105449.9 
 117286.8 
 97920.87 
 91875.44 
 102428.6 
 104144.5 
 106280.8 
 95874.46 
 102438.2 
 102125.9 
 91165.98 
 93841.03 
 93093.72 
 99382.55 
 106753.3 
 80769.65 
 83503.74 
 84122.05 
 81653.76 
 89548.76 
 88954.17 
 82813.79 
 90383.33 
 76131.88 
 77994.11 
 76981.58 
 74194.69 
 75008.95 
 91745.13 
 73620.52 
 80219.43 
 71336.37 
 84813.17 
 94602.94 
 74527.68 
 75846.97 
 80066.89 
 83816.91 
 64150.01 
 75500.61 
 94069.68 
 62151.96 
 63176.37 
 78274.51 
 67519.59 
 88329.63 
 63694.52 
 72104.99 
 78737.87 
 68433.44 
 90775.47 
 64168.26 
 78306.92 
 82986.45 
 67440.33 
 76508.79 
 81570.47 
 62818.99 
 62057.68 
 94850.04 
 77443.25 
 55126.13 
 81494.13 
 85314.77 
 68638.19 
 63599.73 
 78192.75 
 83684.75 
 59069.57 
 70476.58 
 70181.73 
 77449.53 
 69313.49 
 78629.49 
 71125.95 
 66194.88 
 68771.18 
 77125.63 
 83610.48 
 70569.58 
 77925.63 
 76482.58 
 61470.27 
 76536.21 
 66724.81 
 72322.33 
 59327.9 
 72327.6 
 81231.84 
 74052.44 
 45482.27 
 55750.14 
 80491.27 
 64918.61 
 43721.59 
 54530.65 
 57207.1 
 62520.21 
 62962.98 
 71197.46 
 51189.66 
 67850.97 
 69293.38 
 60115.16 
 44774.83 
 68162.98 
 60383.25 
 60115.17 
 42495.49 
 57961.77 
 66394.76 
 61124.35 
 53571.59 
 51617.47 
 47795.96 
 50115.5 
 71784.1 
 55542.41 
 48344.52 
 54814.63 
 55671.32 
 45328.75 
 44802.2 
 74255.75 
 68621.93 
 31215.57 
 35774.2 
 60144.77 
 65487.05 
 40118.18 
 35053.16 
 53906.52 
 51731.48 
 38283.2 
 46521.7 
 45334.75 
 45886.57 
 40996.77 
 40206.3 
 48367.69 
 42791.41 
 40957.51 
 43701.76 
 41448.51 
 21818.02 
 43170.45 
 41813.4 
 40027.07 
 43172.5 
 35386.61 
 37309.08 
 27171.36 
 44321.57 
 40546.14 
 36569.15 
 43192.03 
 42851.06 
 31032.82 
 37086.61 
 29117.71 
 43871.27 
 41436.12 
 25272.07 
 44572.52 
 38445.44 
 27116.46 
 21153.98 
 22973.41 
 22541.58 
 38655.57 
 35886.59 
 26349.96 
 24118.43 
 41003.84 
 24227.36 
 34324.74 
 31668.01 
 37496.89 
 28636.32 
 16027.05 
 18843.21 
 34773.8 
 22547.47 
 16122.36 
 27135.63 
 29249.51 
 16299.62 
 9286.058 
 40512.78 
 29575.31 
 8269.593 
 21905.38 
 42154.53 
 29471.42 
 15902.01 
 22704.09 
 36663.55 
 14351.83 
 32350.29 
 44108.09 
 41374.8 
 31405.95 
 26299.59 
 12532.49 
 0 
 24292.7 
 29058.02 
 9337.688 
 26387.64 
 18842.25 
 16766.29 
 11655.41 
 11856.75 
 0 
 16805.83 
 29488.24 
 3595.122 
 0 
 62467.71 
 29886.59 
 0 
 15426.37 
 27479.9 
 0 
 0 
 10190.43 
 20383.13 
 54577.18 
 0 