      Andalusite
      Taylor W
      Zeitschrift fur Kristallographie 71 (1929) 205-218
      The Structure of Andalusite, Al2 Si O5
      _cod_database_code 1010924
      _database_code_amcsd 0017647
      CELL PARAMETERS:   7.7600  7.9000  5.5600   90.000   90.000   90.000
      SPACE GROUP: Pnnm      
      X-RAY WAVELENGTH:     1.790290
      Cell Volume:    340.850
      Density (g/cm3):      3.157
      MAX. ABS. INTENSITY / VOLUME**2:      6.669152675    
      RIR:      0.986
      RIR based on corundum from Acta Crystallographica A38 (1982) 733-739
               2-THETA      INTENSITY    D-SPACING   H   K   L   Multiplicity
                18.61        100.00        5.5360    1   1   0         4
                22.71         53.51        4.5468    0   1   1         4
                22.85         29.06        4.5196    1   0   1         4
                26.20          9.79        3.9500    0   2   0         2
                26.38         27.81        3.9230    1   1   1         8
                26.68          4.36        3.8800    2   0   0         2
                29.46         27.06        3.5202    1   2   0         4
                29.79         22.71        3.4826    2   1   0         4
                35.03          5.31        2.9742    1   2   1         8
                37.57         16.87        2.7800    0   0   2         2
                37.74         39.65        2.7680    2   2   0         4
                42.07          1.15        2.4937    1   3   0         4
                42.24         27.99        2.4843    1   1   2         8
                42.71         23.38        2.4582    3   1   0         4
                44.19          9.42        2.3799    0   3   1         4
                44.88         10.48        2.3453    3   0   1         4
                46.33         16.11        2.2753    1   3   1         8
                46.38         32.62        2.2734    0   2   2         4
                46.67          1.16        2.2598    2   0   2         4
                46.92         17.53        2.2483    3   1   1         8
                48.45         14.78        2.1817    1   2   2         8
                48.51          1.40        2.1789    2   3   0         4
                48.66         37.80        2.1727    2   1   2         8
                48.87         12.26        2.1640    3   2   0         4
                53.90          2.38        1.9750    0   4   0         2
                54.30          2.04        1.9615    2   2   2         8
                54.96          1.79        1.9400    4   0   0         2
                55.77          1.75        1.9140    1   4   0         4
                56.73          1.16        1.8840    4   1   0         4
                57.66          6.85        1.8563    1   3   2         8
                58.17          2.31        1.8415    3   1   2         8
                59.29          9.61        1.8098    1   4   1         8
                59.49          2.82        1.8043    0   1   3         4
                59.55          1.54        1.8026    1   0   3         4
================================================================================
       XPOW Copyright 1993 Bob Downs, Ranjini Swaminathan and Kurt Bartelmehs
  For reference, see Downs et al. (1993) American Mineralogist 78, 1104-1107.