      Ankinovichite
      Karpenko V Y, Pautov L A, Sokolova E V, Hawthorne F C, Agakhanov A A, Dikaya T V
      Zapiski Vserossijskogo Mineralogicheskogo Obshchestva 133 (2004) 59-70
      Ankinovichite - the nickel analogue of alvanite - a new mineral from Kurumsak
      (Kazakhstan) and Kara-Chagyr (Kyrgystan)
      Locality: Kara-Chagyr, Kyrgystan
      Note: isostructural with alvanite
      _database_code_amcsd 0015715
      CELL PARAMETERS:  17.8098  5.1228  8.8665   90.000   92.141   90.000
      SPACE GROUP: P2_1/n    
      X-RAY WAVELENGTH:     1.790290
      Cell Volume:    808.380
      Density (g/cm3):      2.417
      MAX. ABS. INTENSITY / VOLUME**2:      10.49714119    
      RIR:      2.028
      RIR based on corundum from Acta Crystallographica A38 (1982) 733-739
               2-THETA      INTENSITY    D-SPACING   H   K   L   Multiplicity
                11.55         70.20        8.8987    2   0   0         2
                13.15         63.07        7.8161    1   0   1         2
                20.56         23.80        5.0169   -3   0   1         2
                20.95          7.41        4.9229    1   1   0         4
                23.21        100.00        4.4493    4   0   0         2
                23.29          5.85        4.4349    0   1   1         4
                23.90          5.74        4.3223   -1   1   1         4
                24.12          5.37        4.2845    1   1   1         4
                25.87          7.18        3.9992   -2   1   1         4
                26.26          5.61        3.9400    2   1   1         4
                26.70         14.51        3.8773    3   1   0         4
                28.92          2.56        3.5844   -3   1   1         4
                29.46          2.21        3.5206    3   1   1         4
                30.91          1.64        3.3592    4   1   0         4
                30.99          6.40        3.3509    0   1   2         4
                31.71         16.94        3.2763    1   1   2         4
                31.86          7.18        3.2610    5   0   1         2
                32.49          1.58        3.1997   -4   0   2         2
                32.80          1.28        3.1708   -4   1   1         4
                32.85          1.31        3.1656   -2   1   2         4
                33.49          9.07        3.1071    2   1   2         4
                35.28         20.27        2.9536   -3   1   2         4
                36.01          3.58        2.8962    1   0   3         2
                38.96          4.15        2.6842   -3   0   3         2
                39.62          8.46        2.6411    4   1   2         4
                41.20          1.11        2.5442   -1   1   3         4
                41.59          1.96        2.5212    1   1   3         4
                41.81          1.95        2.5085   -6   0   2         2
                42.31          9.99        2.4804   -2   1   3         4
                42.52          1.35        2.4684   -7   0   1         2
                42.65          5.83        2.4615    2   2   0         4
                43.08          5.13        2.4382    2   1   3         4
                43.68          3.24        2.4062    5   1   2         4
                44.23          4.66        2.3776   -3   1   3         4
                44.75         12.68        2.3516    3   2   0         4
                45.34          7.12        2.3223    3   1   3         4
                46.21          4.63        2.2813   -3   2   1         4
                46.57          2.37        2.2646    3   2   1         4
                47.28          1.04        2.2323    5   0   3         2
                47.56          3.62        2.2198    4   2   0         4
                47.62          2.54        2.2174    0   2   2         4
                48.24          3.75        2.1905    6   1   2         4
                48.31          3.97        2.1877    4   1   3         4
                48.76          1.13        2.1686   -2   0   4         2
                50.20          2.71        2.1102   -5   1   3         4
                51.68          2.35        2.0536   -7   1   2         4
                51.88          1.37        2.0464    5   1   3         4
                54.07         15.64        1.9692   -6   1   3         4
                55.00          7.65        1.9386    6   2   0         4
                55.74          1.20        1.9149    9   0   1         2
                55.99          9.94        1.9072    6   1   3         4
                56.10          1.39        1.9036   -6   2   1         4
                58.45          3.34        1.8334   -7   1   3         4
                58.58          1.07        1.8297    8   1   2         4
                59.48          3.71        1.8045    7   2   0         4
                59.93          1.15        1.7921   -5   1   4         4
================================================================================
       XPOW Copyright 1993 Bob Downs, Ranjini Swaminathan and Kurt Bartelmehs
  For reference, see Downs et al. (1993) American Mineralogist 78, 1104-1107.