      Anorthominasragrite
      Cooper M A, Hawthorne F C, Grice J D, Haynes P
      The Canadian Mineralogist 41 (2003) 959-979
      Anorthominasragrite, VO(SO4)(H2O)5, a new mineral species from Temple Mountain,
      Emery County, Utah, U.S.A.: Description, crystal structure and hydrogen bonding
      Locality: Temple Mountain, Emery County, Utah, USA
      _database_code_amcsd 0005878
      CELL PARAMETERS:   7.5330  7.7920  7.8180   78.960   71.860   65.410
      SPACE GROUP: P-1       
      X-RAY WAVELENGTH:     1.790290
      Cell Volume:    395.517
      Density (g/cm3):      2.161
      MAX. ABS. INTENSITY / VOLUME**2:      6.111657194    
      RIR:      1.320
      RIR based on corundum from Acta Crystallographica A38 (1982) 733-739
               2-THETA      INTENSITY    D-SPACING   H   K   L   Multiplicity
                13.88         14.96        7.4103    0   0   1         2
                14.55         53.73        7.0671    0   1   0         2
                15.55        100.00        6.6151    1   0   0         2
                17.98         10.60        5.7285    1   0   1         2
                18.26          1.58        5.6428    1   1   1         2
                19.42         22.40        5.3078    0   1   1         2
                20.88          3.32        4.9404    0  -1   1         2
                25.17         58.73        4.1090   -1   1   0         2
                27.45          9.01        3.7732    1   2   0         2
                27.87         12.11        3.7169    1   2   1         2
                27.94          2.81        3.7085    1   1   2         2
                27.96         23.19        3.7052    0   0   2         2
                28.00         22.72        3.7006    2   1   1         2
                28.29          3.58        3.6634    1   0   2         2
                29.09          3.50        3.5640    2   1   0         2
                30.31          6.87        3.4241   -1   1   1         2
                30.69          8.00        3.3827    0   1   2         2
                30.88          3.87        3.3626    2   0   1         2
                31.40          1.87        3.3075    2   0   0         2
                31.65          4.29        3.2822    0   2   1         2
                32.49         29.39        3.2001    2   2   1         2
                32.61         22.74        3.1889    0  -1   2         2
                33.52          1.03        3.1042    0  -2   1         2
                33.64          9.04        3.0932   -1  -2   1         2
                33.90          8.89        3.0701    2   2   0         2
                35.56         21.59        2.9315    1  -1   2         2
                35.64         22.32        2.9251   -1   0   2         2
                36.26          7.71        2.8765   -2  -1   1         2
                36.42          2.60        2.8643    2   0   2         2
                37.06          4.06        2.8169   -1  -1   2         2
                38.50          1.37        2.7152   -1   2   0         2
                39.42          1.16        2.6539    0   2   2         2
                39.73          8.00        2.6340   -2   1   0         2
                40.39          2.42        2.5929    1  -2   1         2
                40.63          9.09        2.5782    1   1   3         2
                40.70          1.85        2.5738   -2  -2   1         2
                41.05         19.55        2.5532    1   3   1         2
                41.27         11.82        2.5402    1   0   3         2
                41.82          5.70        2.5081   -1   2   1         2
                42.28          6.87        2.4821    2   3   1         2
                43.13          3.01        2.4353    3   2   1         2
                43.78          1.63        2.4008    2   3   0         2
                44.08          1.31        2.3856    0   1   3         2
                44.20          7.40        2.3793    3   1   0         2
                44.67          1.78        2.3557    0   3   0         2
                44.70          2.43        2.3540    3   1   2         2
                44.74          1.50        2.3519   -2   1   1         2
                45.42          3.26        2.3187    3   2   2         2
                45.62          3.12        2.3090    2   3   2         2
                45.63          1.06        2.3085    3   2   0         2
                45.83          5.87        2.2988    1   3   2         2
                45.93          5.61        2.2940    2   2   3         2
                46.20          1.31        2.2815    3   0   1         2
                47.12          1.38        2.2394   -2  -1   2         2
                47.14          8.99        2.2385    1  -1   3         2
                47.90          5.55        2.2050    3   0   0         2
                48.02          1.18        2.2000   -2   0   2         2
                48.02          1.28        2.1999    0  -3   1         2
                49.78          2.67        2.1267   -2  -3   1         2
                50.56          2.31        2.0963    0   2   3         2
                51.03          3.42        2.0780    3   3   2         2
                51.67          1.09        2.0541    3   1   3         2
                53.49          5.23        1.9893    2  -1   3         2
                53.62          7.11        1.9847   -2   1   2         2
                53.82          1.06        1.9778   -3   0   1         2
                54.36          1.96        1.9596    0  -2   3         2
                54.76          4.23        1.9465    3  -1   1         2
                54.82          3.16        1.9446   -1  -3   2         2
                55.38          2.13        1.9264    0  -3   2         2
                55.53          2.08        1.9216   -2   2   1         2
                56.36          4.76        1.8955    2  -2   2         2
                56.84          1.77        1.8809    3   3   3         2
                58.51          1.36        1.8317    2   0   4         2
================================================================================
       XPOW Copyright 1993 Bob Downs, Ranjini Swaminathan and Kurt Bartelmehs
  For reference, see Downs et al. (1993) American Mineralogist 78, 1104-1107.