      Augelite
      Araki T, Finney J J, Zoltai T
      American Mineralogist 53 (1968) 1096-1103
      The crystal structure of augelite
      _database_code_amcsd 0000177
      CELL PARAMETERS:  13.1240  7.9880  5.0660   90.000  112.250   90.000
      SPACE GROUP: C2/m      
      X-RAY WAVELENGTH:     1.790290
      Cell Volume:    491.547
      Density (g/cm3):      2.661
      MAX. ABS. INTENSITY / VOLUME**2:      6.501397837    
      RIR:      1.141
      RIR based on corundum from Acta Crystallographica A38 (1982) 733-739
               2-THETA      INTENSITY    D-SPACING   H   K   L   Multiplicity
                22.01         31.30        4.6888    0   0   1         2
                22.14         40.20        4.6624   -2   0   1         2
                24.16          8.01        4.2781   -1   1   1         4
                25.90         32.55        3.9940    0   2   0         2
                28.70          8.12        3.6115    3   1   0         4
                29.56        100.00        3.5086    1   1   1         4
                29.75         48.68        3.4865   -3   1   1         4
                31.12         98.03        3.3371    2   2   0         4
                33.01         22.43        3.1506   -4   0   1         2
                34.24          8.12        3.0405    0   2   1         4
                34.29          5.14        3.0367    4   0   0         2
                40.26          2.50        2.6009    1   3   0         4
                41.39          7.92        2.5329   -2   0   2         2
                42.22         20.61        2.4855    2   2   1         4
                42.24          6.30        2.4842    3   1   1         4
                42.43          1.21        2.4736   -4   2   1         4
                42.52          4.02        2.4685   -5   1   1         4
                44.35          6.48        2.3716   -1   1   2         4
                44.89          2.16        2.3444    0   0   2         2
                45.16          3.55        2.3312   -4   0   2         2
                48.02          2.72        2.2000    1   3   1         4
                51.33          5.17        2.0668   -5   1   2         4
                53.26         10.25        1.9970    0   4   0         2
                54.57          5.82        1.9528    2   0   2         2
                55.03         24.33        1.9375   -6   0   2         2
                55.70          9.11        1.9160   -6   2   1         4
                56.31          6.18        1.8971    2   4   0         4
                57.36         36.39        1.8653    3   3   1         4
                57.58          4.76        1.8586   -5   3   1         4
                59.17          1.79        1.8131   -3   3   2         4
================================================================================
       XPOW Copyright 1993 Bob Downs, Ranjini Swaminathan and Kurt Bartelmehs
  For reference, see Downs et al. (1993) American Mineralogist 78, 1104-1107.