      Babingtonite
      Armbruster T
      Schweizerische Mineralogische und Petrographische Mitteilungen 80 (2000) 279-284
      Cation distribution in Mg, Mn-bearing babingtonite from Arvigo,
      Val Calanca, Grisons, Switzerland
      Locality: Westfield, Massachusetts, USA
      _database_code_amcsd 0018476
      CELL PARAMETERS:   7.4580 12.1680  6.6750   86.120   93.860  112.270
      SPACE GROUP: P-1       
      X-RAY WAVELENGTH:     1.790290
      Cell Volume:    558.711
      Density (g/cm3):      3.363
      MAX. ABS. INTENSITY / VOLUME**2:      4.701112251    
      RIR:      0.653
      RIR based on corundum from Acta Crystallographica A38 (1982) 733-739
               2-THETA      INTENSITY    D-SPACING   H   K   L   Multiplicity
                 9.13         40.40       11.2486    0   1   0         2
                14.26          3.54        7.2094   -1   1   0         2
                14.92         29.40        6.8947    1   0   0         2
                15.47         33.27        6.6529    0   0   1         2
                17.62          2.29        5.8444    0   1   1         2
                18.32          3.68        5.6243    0   2   0         2
                18.79          2.06        5.4841   -1   2   0         2
                20.27          2.08        5.0873    1   1   0         2
                20.27          5.43        5.0869   -1   1   1         2
                21.90          7.40        4.7129    1  -1   1         2
                22.04          3.91        4.6830    1   0   1         2
                23.43         15.48        4.4093   -1   2   1         2
                23.50          1.45        4.3952    0   2   1         2
                24.60          1.99        4.2016    0  -2   1         2
                25.39          4.18        4.0740    1  -2   1         2
                25.44         25.19        4.0661   -1  -1   1         2
                25.98          7.30        3.9820   -1   3   0         2
                27.62          4.31        3.7495    0   3   0         2
                27.81          8.39        3.7255    1   2   0         2
                27.92          5.59        3.7101   -2   1   0         2
                29.34          2.23        3.5349   -1   3   1         2
                30.10         28.24        3.4473    2   0   0         2
                31.17          3.67        3.3322    0   3   1         2
                31.17          3.88        3.3317   -2   1   1         2
                31.22          9.27        3.3265    0   0   2         2
                31.71          8.18        3.2760   -2   2   1         2
                31.89          5.57        3.2587    1   2   1         2
                32.05          1.79        3.2425   -1  -2   1         2
                32.39          2.46        3.2095   -2   3   0         2
                32.44          2.45        3.2045    0  -3   1         2
                32.95          4.90        3.1560    2  -1   1         2
                33.01          6.64        3.1510    0  -1   2         2
                33.43         68.79        3.1123   -1   1   2         2
                34.13          8.49        3.0504   -1   0   2         2
                34.33          4.89        3.0332   -1   4   0         2
                34.65         56.17        3.0059    2   0   1         2
                34.88          1.15        2.9871   -2   3   1         2
                35.31         46.17        2.9513   -1   2   2         2
                35.40         53.02        2.9444    1   0   2         2
                35.50          2.41        2.9362    1  -1   2         2
                35.68         12.56        2.9222    0   2   2         2
                36.33         99.87        2.8717    1   3   0         2
                37.12          3.98        2.8122    0   4   0         2
                37.73          2.73        2.7681    1   1   2         2
                37.86          3.49        2.7595   -2  -1   1         2
                38.02          7.20        2.7478    1  -2   2         2
                38.11        100.00        2.7420   -2   4   0         2
                38.66          3.06        2.7041    2   1   1         2
                39.45          2.36        2.6522    1   3   1         2
                39.74          3.45        2.6337    0   4   1         2
                39.94         29.69        2.6212   -1  -3   1         2
                40.11          3.30        2.6102   -2   4   1         2
                40.95         19.56        2.5590   -2   1   2         2
                41.21          2.30        2.5436    2   2   0         2
                41.21          4.82        2.5435   -2   2   2         2
                42.34         13.86        2.4788   -3   2   0         2
                42.56          3.21        2.4662    2  -4   1         2
                42.60         39.24        2.4641    1  -3   2         2
                43.07         20.30        2.4388   -3   1   0         2
                43.62          1.11        2.4094   -2   3   2         2
                44.07          1.18        2.3860   -2  -2   1         2
                44.25          1.70        2.3770   -3   2   1         2
                44.65          1.37        2.3565    2  -2   2         2
                44.95          1.84        2.3415    2   0   2         2
                45.24          1.60        2.3272   -1   5   1         2
                45.25          5.89        2.3267   -2   5   0         2
                46.40          4.30        2.2722    3  -2   1         2
                47.12         19.88        2.2395   -3   4   0         2
                47.29          2.73        2.2317    1  -5   1         2
                47.91          1.43        2.2047   -2   4   2         2
                47.94          1.43        2.2034    1   4   1         2
                48.07         21.15        2.1976    0   4   2         2
                48.14         12.88        2.1949    0   1   3         2
                48.58          2.75        2.1760   -3   4   1         2
                48.66          1.52        2.1729   -1  -4   1         2
                48.80         22.62        2.1667   -1   1   3         2
                48.86         18.66        2.1644    2   3   0         2
                49.03          3.69        2.1571    0  -1   3         2
                49.05          3.05        2.1565   -1  -3   2         2
                49.33          5.04        2.1449    2  -5   1         2
                50.06          1.12        2.1159   -1   2   3         2
                50.41          5.04        2.1020    3   1   0         2
                50.56          3.23        2.0960    0   2   3         2
                51.17         14.61        2.0727    3  -4   1         2
                51.53          1.74        2.0594   -2  -3   1         2
                51.59         13.12        2.0570    2   3   1         2
                52.25          3.75        2.0330   -2  -2   2         2
                52.51         10.61        2.0234   -3   1   2         2
                54.37          4.36        1.9592   -2   1   3         2
                54.39          2.53        1.9587   -1   6   1         2
                55.88          2.66        1.9105    1   2   3         2
                56.08          4.73        1.9043    0   5   2         2
                56.11          1.28        1.9034    3  -5   1         2
                56.17          1.43        1.9013    1  -5   2         2
                56.19          1.12        1.9007   -1  -2   3         2
                56.82          2.99        1.8815   -1  -4   2         2
                56.84          3.08        1.8809    3  -3   2         2
                56.91          2.97        1.8788    1  -3   3         2
                57.16          1.66        1.8713    1   5   1         2
                57.80          1.29        1.8522   -1   4   3         2
                57.80          1.36        1.8521    3   0   2         2
                58.20          1.88        1.8406    2  -5   2         2
                58.64          1.34        1.8280   -3   6   0         2
                58.64          1.55        1.8279    2   0   3         2
                59.07          2.63        1.8158   -2  -3   2         2
                59.19          2.34        1.8125    2   3   2         2
                59.43          6.47        1.8059   -2  -1   3         2
                59.50          2.84        1.8038   -3  -1   2         2
                59.55          4.31        1.8025   -3   5   2         2
                59.78          3.66        1.7964   -2   4   3         2
                59.93          4.01        1.7922    3  -4   2         2
                59.97          1.48        1.7911   -2  -4   1         2
================================================================================
       XPOW Copyright 1993 Bob Downs, Ranjini Swaminathan and Kurt Bartelmehs
  For reference, see Downs et al. (1993) American Mineralogist 78, 1104-1107.