      Butlerite
      Fanfani L, Nunzi A, Zanazzi P F
      American Mineralogist 56 (1971) 751-757
      The crystal structure of butlerite
      _database_code_amcsd 0000232
      CELL PARAMETERS:   6.5000  7.3700  5.8400   90.000  108.380   90.000
      SPACE GROUP: P2_1/m    
      X-RAY WAVELENGTH:     1.790290
      Cell Volume:    265.493
      Density (g/cm3):      2.500
      MAX. ABS. INTENSITY / VOLUME**2:      15.52280709    
      RIR:      2.898
      RIR based on corundum from Acta Crystallographica A38 (1982) 733-739
               2-THETA      INTENSITY    D-SPACING   H   K   L   Multiplicity
                16.69          9.03        6.1684    1   0   0         2
                18.59         11.70        5.5421    0   0   1         2
                20.73        100.00        4.9757   -1   0   1         2
                21.82         13.31        4.7303    1   1   0         4
                23.32         16.44        4.4295    0   1   1         4
                28.12          1.52        3.6850    0   2   0         2
                28.82         20.18        3.5971    1   0   1         2
                32.15         15.95        3.2326    1   1   1         4
                32.87         54.34        3.1635    1   2   0         4
                33.02          1.48        3.1499   -2   0   1         2
                33.74          2.54        3.0842    2   0   0         2
                33.92         24.32        3.0686    0   2   1         4
                36.00          2.15        2.8964   -2   1   1         4
                36.07          3.81        2.8914   -1   0   2         2
                36.68          6.07        2.8451    2   1   0         4
                38.85          1.15        2.6916   -1   1   2         4
                40.38          3.17        2.5938    0   1   2         4
                40.70          5.47        2.5740    1   2   1         4
                42.18         18.04        2.4878   -2   0   2         2
                43.91          4.25        2.3943   -2   2   1         4
                43.93          5.04        2.3933    2   0   1         2
                46.18          1.04        2.2823    1   3   0         4
                46.37          5.94        2.2739    1   0   2         2
                47.68          1.27        2.2147    0   2   2         4
                51.10          3.07        2.0754   -3   1   1         4
                51.46          3.62        2.0619   -2   2   2         4
                52.37          2.13        2.0287    1   3   1         4
                52.97          6.62        2.0072    2   2   1         4
                53.87          3.85        1.9761   -3   0   2         2
                55.53          2.08        1.9216    2   3   0         4
                55.94          1.19        1.9087   -3   1   2         4
                57.35          2.00        1.8654   -3   2   1         4
                57.36          2.47        1.8651   -2   0   3         2
                57.97          3.56        1.8474    0   0   3         2
                58.13          6.77        1.8425    0   4   0         2
                59.70          1.48        1.7985    2   0   2         2
================================================================================
       XPOW Copyright 1993 Bob Downs, Ranjini Swaminathan and Kurt Bartelmehs
  For reference, see Downs et al. (1993) American Mineralogist 78, 1104-1107.