      Chabazite-K
      Gualtieri A F, Passaglia E
      European Journal of Mineralogy 18 (2006) 351-359
      Rietveld structure refinement of NH4-exchanged natural chabazite
      Locality: Wasson's Bluff, Two Islands, Nova Scotia, Canada
      _database_code_amcsd 0007149
      CELL PARAMETERS:   9.3875  9.3875  9.3875   94.379   94.379   94.379
      SPACE GROUP: R-3m      
      X-RAY WAVELENGTH:     1.790290
      Cell Volume:    819.635
      Density (g/cm3):      2.068
      MAX. ABS. INTENSITY / VOLUME**2:      4.433327809    
      RIR:      1.001
      RIR based on corundum from Acta Crystallographica A38 (1982) 733-739
               2-THETA      INTENSITY    D-SPACING   H   K   L   Multiplicity
                11.01         86.45        9.3281    1   0   0         6
                14.94         22.13        6.8867    0  -1   1         6
                16.24          9.70        6.3391    1   1   0         6
                18.60         29.18        5.5404    1  -1   1         6
                20.67         23.92        4.9889    1   1   1         2
                22.13          6.16        4.6640    2   0   0         6
                23.94        100.00        4.3168    0  -1   2        12
                25.60          1.84        4.0402    2   1   0        12
                26.02          2.78        3.9760    1  -2   1         6
                26.81         24.35        3.8617    2  -1   1        12
                29.04         38.38        3.5702    2   1   1         6
                30.14         16.10        3.4434    0  -2   2         6
                32.18          5.46        3.2303    2  -2   1        12
                32.81          9.55        3.1696    2   2   0         6
                35.65         79.71        2.9245   -1  -1   3         6
                35.92         27.55        2.9033    2   2   1         6
                36.23         33.54        2.8792    3   1   0        12
                36.83          7.45        2.8339    3  -1   1        12
                37.71          4.28        2.7702    2  -2   2         6
                38.85          3.45        2.6919    0  -2   3        12
                39.10          6.72        2.6753    3   1   1         6
                40.23         17.44        2.6029    2  -3   1        12
                40.77          5.34        2.5701    3  -2   1        12
                42.06          1.44        2.4945    2   2   2         2
                42.07         15.94        2.4937    3   2   0        12
                45.65          1.29        2.3077    3  -2   2        12
                45.90          4.07        2.2956    0  -3   3         6
                46.39          2.96        2.2729   -1  -1   4         6
                49.93          2.13        2.1207   -1  -2   4        12
                50.13          1.39        2.1130    4   1   1         6
                50.84         11.27        2.0854    4  -2   1        12
                51.52          3.88        2.0596    3  -3   2        12
                52.85          1.73        2.0116    3  -2   3         6
                53.52          1.10        1.9880    2  -4   2         6
                55.89          3.11        1.9100    3  -4   1        12
                57.35          6.72        1.8656    5   0   0         6
                57.94          3.63        1.8482    3   3   2         6
                59.43          6.49        1.8057    3  -4   2        12
                59.61          4.23        1.8010    4  -1   3        12
                59.61         10.93        1.8010    5   1   0        12
                59.80          1.46        1.7957    4   3   0        12
================================================================================
       XPOW Copyright 1993 Bob Downs, Ranjini Swaminathan and Kurt Bartelmehs
  For reference, see Downs et al. (1993) American Mineralogist 78, 1104-1107.