      Chabazite-Mg
      Passaglia E, Ferro O
      Studies in Surface Science and Catalysis 142 (2002) 1729-1735
      Occurrence and crystal structure of magnesian chabazite
      Locality: Mont Semiol, Montbrison, France
      _database_code_amcsd 0017697
      CELL PARAMETERS:   9.3820  9.3820  9.3820   94.570   94.570   94.570
      SPACE GROUP: R-3m      
      X-RAY WAVELENGTH:     1.790290
      Cell Volume:    817.498
      Density (g/cm3):      2.152
      MAX. ABS. INTENSITY / VOLUME**2:      4.410472873    
      RIR:      0.957
      RIR based on corundum from Acta Crystallographica A38 (1982) 733-739
               2-THETA      INTENSITY    D-SPACING   H   K   L   Multiplicity
                11.03         46.05        9.3171    1   0   0         6
                14.92         14.26        6.8933    0  -1   1         6
                16.28          4.42        6.3202    1   1   0         6
                18.59         37.64        5.5415    1  -1   1         6
                20.77         26.90        4.9664    1   1   1         2
                22.16          3.36        4.6585    2   0   0         6
                23.92         98.14        4.3190    0  -1   2        12
                25.67          2.18        4.0295    2   1   0        12
                26.00          2.43        3.9799    1  -2   1         6
                26.82         20.32        3.8598    2  -1   1        12
                29.16         41.49        3.5558    2   1   1         6
                30.11         17.70        3.4467    0  -2   2         6
                32.15          3.53        3.2326    2  -2   1        12
                32.91         12.76        3.1601    2   2   0         6
                35.62        100.00        2.9267   -1  -1   3         6
                36.07         18.42        2.8912    2   2   1         6
                36.31         39.02        2.8726    3   1   0        12
                36.86          6.27        2.8316    3  -1   1        12
                37.70          6.96        2.7708    2  -2   2         6
                38.81          1.13        2.6940    0  -2   3        12
                39.24          6.18        2.6661    3   1   1         6
                40.19         15.63        2.6054    2  -3   1        12
                40.75          5.71        2.5708    3  -2   1        12
                42.20         16.70        2.4866    3   2   0        12
                42.26          1.34        2.4832    2   2   2         2
                45.06          1.40        2.3362    3   2   1        12
                45.66          1.57        2.3072    3  -2   2        12
                45.86          2.33        2.2978    0  -3   3         6
                46.36          1.14        2.2739   -1  -1   4         6
                49.89          1.22        2.1225   -1  -2   4        12
                50.84         10.62        2.0854    4  -2   1        12
                51.49          2.59        2.0607    3  -3   2        12
                52.88          2.37        2.0103    3  -2   3         6
                55.42          1.76        1.9251    4   2   1        12
                55.84          3.92        1.9119    3  -4   1        12
                57.42          7.86        1.8634    5   0   0         6
                58.22          5.42        1.8401    3   3   2         6
                59.38          4.61        1.8073    3  -4   2        12
                59.73         10.34        1.7975    5   1   0        12
                59.73          6.04        1.7975    4  -1   3        12
================================================================================
       XPOW Copyright 1993 Bob Downs, Ranjini Swaminathan and Kurt Bartelmehs
  For reference, see Downs et al. (1993) American Mineralogist 78, 1104-1107.