      Chloritoid
      Koch-Muller M, Abs-Wurmbach I, Langer K, Shaw C, Wirth R, Gottschalk M
      European Journal of Mineralogy 12 (2000) 293-314
      Synthetic and natural Fe-Mg chloritoid: structural, spectroscopic and
      thermodynamic studies
      Sample: MKM-97-4
      _database_code_amcsd 0006828
      CELL PARAMETERS:   9.4670  5.4660  9.1400   96.670  101.040   90.000
      SPACE GROUP: C-1       
      X-RAY WAVELENGTH:     1.790290
      Cell Volume:    460.949
      Density (g/cm3):      3.380
      MAX. ABS. INTENSITY / VOLUME**2:      11.58997581    
      RIR:      1.601
      RIR based on corundum from Acta Crystallographica A38 (1982) 733-739
               2-THETA      INTENSITY    D-SPACING   H   K   L   Multiplicity
                11.53          5.11        8.9078    0   0   1         2
                21.80          4.59        4.7336   -1   1   0         2
                22.22          4.15        4.6447    2   0   0         2
                22.24          5.72        4.6404    1   1   0         2
                22.97          3.99        4.4953   -1  -1   1         2
                23.19        100.00        4.4539    0   0   2         2
                24.68          2.67        4.1887    1  -1   1         2
                24.78          3.32        4.1715   -1   1   1         2
                27.12          4.78        3.8181    1   1   1         2
                28.98          1.90        3.5777   -2   0   2         2
                31.96          6.96        3.2518    1  -1   2         2
                32.12          5.48        3.2358   -1   1   2         2
                35.09          9.35        2.9693    0   0   3         2
                35.41          5.30        2.9437    2   0   2         2
                35.50          2.44        2.9366    1   1   2         2
                37.84          2.92        2.7608   -1  -1   3         2
                37.93          4.31        2.7543   -2   0   3         2
                38.93          9.45        2.6861    0  -2   1         2
                39.00          6.65        2.6818   -3   1   1         2
                39.28          6.53        2.6635    3   1   0         2
                42.86         20.65        2.4499    0  -2   2         2
                43.02         25.64        2.4414   -3   1   2         2
                43.64         20.40        2.4082    3   1   1         2
                44.45          1.29        2.3668   -2   2   0         2
                44.54          3.40        2.3620   -2  -2   1         2
                44.56          3.91        2.3611   -4   0   1         2
                45.39          6.08        2.3202    2   2   0         2
                45.64          1.42        2.3079    2   0   3         2
                46.01          8.69        2.2903    2  -2   1         2
                46.91          6.07        2.2487   -3  -1   3         2
                47.01          1.63        2.2442   -4   0   2         2
                47.71          6.05        2.2135    3  -1   2         2
                47.92          2.49        2.2045    0   2   2         2
                48.42          1.47        2.1829   -1  -1   4         2
                49.35          4.87        2.1444    2   2   1         2
                49.63          2.07        2.1328    0  -2   3         2
                49.86          1.13        2.1238   -3   1   3         2
                50.61          4.33        2.0943    2  -2   2         2
                50.74          1.95        2.0892    3   1   2         2
                50.83          2.77        2.0857   -2   2   2         2
                52.36          2.98        2.0289   -4   0   3         2
                52.64          1.16        2.0190    1  -1   4         2
                52.86          1.28        2.0112   -1   1   4         2
                55.93          3.39        1.9090    2   2   2         2
                57.70          3.14        1.8553    2  -2   3         2
                58.53         12.25        1.8311    0  -2   4         2
                58.81         10.79        1.8232   -3   1   4         2
                59.89          9.39        1.7931    3   1   3         2
================================================================================
       XPOW Copyright 1993 Bob Downs, Ranjini Swaminathan and Kurt Bartelmehs
  For reference, see Downs et al. (1993) American Mineralogist 78, 1104-1107.