      Chukanovite
      Pignatelli I, Mugnaioli E, Mosser-Ruck R, Barres O, Kolb U, Michau N
      European Journal of Mineralogy 26 (2014) 221-229
      A multi-technique, micrometer- to atomic-scale description of
      a synthetic analogue of chukanovite, Fe2(CO3)(OH)2
      Locality: synthetic
      _database_code_amcsd 0020153
      CELL PARAMETERS:  12.5000  9.5000  3.2000   90.000   97.600   90.000
      SPACE GROUP: P2_1/a    
      X-RAY WAVELENGTH:     1.790290
      Cell Volume:    376.662
      Density (g/cm3):      3.592
      MAX. ABS. INTENSITY / VOLUME**2:      13.01876474    
      RIR:      1.692
      RIR based on corundum from Acta Crystallographica A38 (1982) 733-739
               2-THETA      INTENSITY    D-SPACING   H   K   L   Multiplicity
                13.64          5.02        7.5390    1   1   0         4
                16.62         44.65        6.1951    2   0   0         2
                19.87         48.72        5.1892    2   1   0         4
                21.72          5.58        4.7500    0   2   0         2
                27.34         16.27        3.7876    3   1   0         4
                27.47         57.89        3.7695    2   2   0         4
                32.78          1.83        3.1719    0   0   1         2
                33.59          7.48        3.0975    4   0   0         2
                33.93          8.33        3.0680    1   3   0         4
                34.58          2.24        3.0116   -1   1   1         4
                34.62          4.63        3.0086    0   1   1         4
                34.86          5.49        2.9882   -2   0   1         2
                35.39         14.89        2.9450    4   1   0         4
                36.60          1.68        2.8505   -2   1   1         4
                36.70          3.49        2.8430    1   1   1         4
                37.02          6.13        2.8197    2   3   0         4
                38.98          7.42        2.6831    2   0   1         2
                39.67        100.00        2.6378    0   2   1         4
                40.36         25.24        2.5946    4   2   0         4
                41.45         22.57        2.5293   -2   2   1         4
                41.54          4.33        2.5241    1   2   1         4
                41.73          6.24        2.5130    3   3   0         4
                43.84         11.21        2.3978    5   1   0         4
                44.21          7.06        2.3790   -4   0   1         2
                44.28          5.89        2.3750    0   4   0         2
                44.92          3.55        2.3431   -3   2   1         4
                45.13          1.29        2.3325    1   4   0         4
                45.84          1.97        2.2984    3   1   1         4
                47.06          1.18        2.2422   -1   3   1         4
                47.09          3.99        2.2410    0   3   1         4
                47.61          4.36        2.2176    2   4   0         4
                47.69          1.67        2.2143    4   3   0         4
                48.09         10.25        2.1970    5   2   0         4
                48.65         15.95        2.1733   -2   3   1         4
                49.96          1.71        2.1198    3   2   1         4
                50.91          3.64        2.0827    4   0   1         2
                51.38          4.33        2.0650    6   0   0         2
                51.54          1.35        2.0589    3   4   0         4
                51.73          2.75        2.0517   -3   3   1         4
                51.86          7.31        2.0471    2   3   1         4
                51.98          3.47        2.0426   -5   1   1         4
                52.21          3.45        2.0344    4   1   1         4
                52.67          3.64        2.0179    6   1   0         4
                54.60          3.45        1.9515    5   3   0         4
                55.76          1.09        1.9142   -5   2   1         4
                56.16          1.21        1.9019   -1   4   1         4
                56.32          3.90        1.8968    3   3   1         4
                56.42          2.88        1.8938    6   2   0         4
                57.56          3.11        1.8593   -2   4   1         4
                59.05          4.61        1.8165    2   5   0         4
                59.21          3.37        1.8119   -6   1   1         4
                59.47          3.94        1.8049    5   1   1         4
================================================================================
       XPOW Copyright 1993 Bob Downs, Ranjini Swaminathan and Kurt Bartelmehs
  For reference, see Downs et al. (1993) American Mineralogist 78, 1104-1107.