      Cordierite
      Schwartz K B, Leong D B, McConville R L
      Physics and Chemistry of Minerals 20 (1994) 563-574
      Structural chemistry of synthetic cordierite: evidence for solid solutions
      and disordered compositional domains in Bi-flux-grown Mg-cordierites
      Sample: Synthesized in 10 at% bismuth oxide flux at 1000 C for 12 hours
      Note: tetrahedral site occupancies are assumed, not refined
      _database_code_amcsd 0007857
      CELL PARAMETERS:  17.0409  9.7382  9.3285   90.000   90.000   90.000
      SPACE GROUP: Cccm      
      X-RAY WAVELENGTH:     1.790290
      Cell Volume:   1548.043
      Density (g/cm3):      2.639
      MAX. ABS. INTENSITY / VOLUME**2:      4.502104897    
      RIR:      0.797
      RIR based on corundum from Acta Crystallographica A38 (1982) 733-739
               2-THETA      INTENSITY    D-SPACING   H   K   L   Multiplicity
                12.06         57.57        8.5204    2   0   0         2
                12.15        100.00        8.4550    1   1   0         4
                21.02         16.46        4.9066    3   1   0         4
                21.19          8.18        4.8691    0   2   0         2
                22.13         15.39        4.6642    0   0   2         2
                24.26          5.12        4.2602    4   0   0         2
                24.45          3.64        4.2275    2   2   0         4
                25.28         10.20        4.0913    2   0   2         4
                25.32         60.67        4.0840    1   1   2         8
                30.71         67.55        3.3806    3   1   2         8
                30.82         43.24        3.3682    0   2   2         4
                32.31          2.20        3.2169    5   1   0         4
                32.42          3.69        3.2062    4   2   0         4
                33.07         32.93        3.1456    4   0   2         4
                33.21         91.71        3.1323    2   2   2         8
                34.24         51.97        3.0411    5   1   1         8
                34.34         42.92        3.0321    4   2   1         8
                34.52         50.86        3.0173    1   3   1         8
                36.74          2.27        2.8401    6   0   0         2
                37.04          1.66        2.8183    3   3   0         4
                39.51         13.63        2.6481    5   1   2         8
                39.61         13.57        2.6422    4   2   2         8
                39.76          6.99        2.6324    1   3   2         8
                42.80          7.31        2.4533    6   2   0         4
                43.15          5.43        2.4346    0   4   0         2
                43.31          1.71        2.4258    6   0   2         4
                43.57          1.85        2.4122    3   3   2         8
                44.77          1.28        2.3505    5   3   0         4
                44.96          1.58        2.3409    2   4   0         4
                45.14         20.17        2.3321    0   0   4         2
                46.03          1.66        2.2895    7   1   1         8
                46.25          1.81        2.2793    5   3   1         8
                46.44          1.01        2.2705    2   4   1         8
                46.93          1.63        2.2482    1   1   4         8
                47.20          1.74        2.2357    5   1   3         8
                47.28          1.66        2.2322    4   2   3         8
                47.42          1.79        2.2262    1   3   3         8
                48.69          8.22        2.1713    6   2   2         8
                49.01          2.27        2.1582    0   4   2         4
                50.28          2.58        2.1070    7   1   2         8
                50.30          3.11        2.1063    3   1   4         8
                50.38          1.52        2.1033    0   2   4         4
                50.49          4.24        2.0991    5   3   2         8
                50.66          6.68        2.0922    2   4   2         8
                54.60          1.56        1.9515    8   2   0         4
                54.73          2.72        1.9476    7   3   0         4
                55.03          3.74        1.9376    8   0   2         4
                55.11          1.41        1.9350    1   5   0         4
                55.41          4.48        1.9253    4   4   2         8
                55.89          1.71        1.9102    8   2   1         8
                56.79          1.06        1.8824    1   3   4         8
                56.84          5.25        1.8808    7   1   3         8
                57.03          8.27        1.8751    5   3   3         8
                57.19          7.53        1.8702    2   4   3         8
                57.58          3.48        1.8586    9   1   0         4
                57.93          3.36        1.8484    6   4   0         4
                58.14          3.81        1.8424    3   5   0         4
                58.82          1.33        1.8228    9   1   1         8
                59.17          3.66        1.8132    6   4   1         8
                59.37          2.62        1.8074    3   5   1         8
                59.56          4.87        1.8024    6   0   4         4
                59.76          9.89        1.7967    3   3   4         8
================================================================================
       XPOW Copyright 1993 Bob Downs, Ranjini Swaminathan and Kurt Bartelmehs
  For reference, see Downs et al. (1993) American Mineralogist 78, 1104-1107.