      Cordierite
      Wallace J H, Wenk H R
      American Mineralogist 65 (1980) 96-111
      Structure variation in low cordierites
      Note: sample sci 1542 mono
      Locality: Passo di Mello, Bergell Alps, Switzerland
      _database_code_amcsd 0000763
      CELL PARAMETERS:  17.0440  9.7160  9.3340   90.000   90.000   90.000
      SPACE GROUP: Cccm      
      X-RAY WAVELENGTH:     1.790290
      Cell Volume:   1545.706
      Density (g/cm3):      2.546
      MAX. ABS. INTENSITY / VOLUME**2:      6.012975402    
      RIR:      1.102
      RIR based on corundum from Acta Crystallographica A38 (1982) 733-739
               2-THETA      INTENSITY    D-SPACING   H   K   L   Multiplicity
                12.06         61.04        8.5220    2   0   0         2
                12.18        100.00        8.4408    1   1   0         4
                21.03         16.90        4.9044    3   1   0         4
                21.24          7.55        4.8580    0   2   0         2
                22.12         11.06        4.6670    0   0   2         2
                24.25          1.82        4.2610    4   0   0         2
                25.26          7.55        4.0934    2   0   2         4
                25.32         49.76        4.0843    1   1   2         8
                30.71         50.52        3.3809    3   1   2         8
                30.85         32.07        3.3656    0   2   2         4
                32.45          1.40        3.2034    4   2   0         4
                33.05         22.57        3.1467    4   0   2         4
                33.23         62.80        3.1303    2   2   2         8
                34.24         38.03        3.0411    5   1   1         8
                34.37         31.36        3.0299    4   2   1         8
                34.58         37.38        3.0116    1   3   1         8
                36.74          1.14        2.8407    6   0   0         2
                39.51         11.84        2.6485    5   1   2         8
                39.62         11.48        2.6411    4   2   2         8
                39.81          5.42        2.6289    1   3   2         8
                42.82          4.17        2.4522    6   2   0         4
                43.25          3.43        2.4290    0   4   0         2
                43.30          1.04        2.4265    6   0   2         4
                43.62          1.10        2.4096    3   3   2         8
                45.11         13.32        2.3335    0   0   4         2
                46.03          1.55        2.2897    7   1   1         8
                46.30          1.50        2.2770    5   3   1         8
                47.19          1.76        2.2363    5   1   3         8
                47.29          1.35        2.2319    4   2   3         8
                47.46          1.27        2.2245    1   3   3         8
                48.71          6.16        2.1708    6   2   2         8
                49.10          1.62        2.1546    0   4   2         4
                50.27          2.40        2.1073    7   1   2         8
                50.28          3.05        2.1071    3   1   4         8
                50.37          1.50        2.1034    0   2   4         4
                50.53          3.69        2.0974    5   3   2         8
                50.75          5.73        2.0889    2   4   2         8
                52.00          1.58        2.0421    2   2   4         8
                54.62          1.58        1.9511    8   2   0         4
                54.77          3.17        1.9462    7   3   0         4
                55.02          2.65        1.9381    8   0   2         4
                55.24          1.50        1.9307    1   5   0         4
                55.49          2.64        1.9228    4   4   2         8
                55.90          1.30        1.9098    8   2   1         8
                56.81          1.73        1.8817    1   3   4         8
                56.83          3.77        1.8812    7   1   3         8
                57.06          5.98        1.8742    5   3   3         8
                57.26          5.67        1.8681    2   4   3         8
                57.58          2.39        1.8588    9   1   0         4
                58.01          2.24        1.8461    6   4   0         4
                58.27          2.49        1.8386    3   5   0         4
                59.24          2.77        1.8110    6   4   1         8
                59.50          2.11        1.8040    3   5   1         8
                59.53          3.24        1.8031    6   0   4         4
                59.78          6.44        1.7961    3   3   4         8
================================================================================
       XPOW Copyright 1993 Bob Downs, Ranjini Swaminathan and Kurt Bartelmehs
  For reference, see Downs et al. (1993) American Mineralogist 78, 1104-1107.