      Cryolite
      Hawthorne F C, Ferguson R B
      The Canadian Mineralogist 13 (1975) 377-382
      Refinement of the crystal structure of cryolite
      _database_code_amcsd 0005118
      CELL PARAMETERS:   5.4024  5.5959  7.7564   90.000   90.278   90.000
      SPACE GROUP: P2_1/n    
      X-RAY WAVELENGTH:     1.790290
      Cell Volume:    234.483
      Density (g/cm3):      2.973
      MAX. ABS. INTENSITY / VOLUME**2:      3.063218793    
      RIR:      0.481
      RIR based on corundum from Acta Crystallographica A38 (1982) 733-739
               2-THETA      INTENSITY    D-SPACING   H   K   L   Multiplicity
                22.75         45.97        4.5381    0   1   1         4
                23.25         10.82        4.4431   -1   0   1         2
                23.35         25.70        4.4230    1   0   1         2
                26.63         49.94        3.8867    1   1   0         4
                26.69         19.35        3.8782    0   0   2         2
                29.81          8.77        3.4797   -1   1   1         4
                29.90          6.60        3.4700    1   1   1         4
                37.32         35.83        2.7980    0   2   0         2
                37.99         77.90        2.7501   -1   1   2         4
                38.13         70.74        2.7405    1   1   2         4
                38.71         24.39        2.7012    2   0   0         2
                42.24          7.59        2.4845    1   2   0         4
                43.18         32.31        2.4326    2   1   0         4
                44.43          8.05        2.3676   -1   2   1         4
                44.49         19.35        2.3646    1   2   1         4
                44.84          1.01        2.3470    0   1   3         4
                45.05         35.85        2.3365   -1   0   3         2
                45.23         23.45        2.3277    1   0   3         2
                45.31         13.91        2.3240   -2   1   1         4
                45.43         29.82        2.3182    2   1   1         4
                46.47         34.50        2.2691    0   2   2         4
                47.52         11.80        2.2216   -2   0   2         2
                47.75          8.32        2.2115    2   0   2         2
                49.06          7.72        2.1561   -1   1   3         4
                49.23         25.60        2.1492    1   1   3         4
                50.61         19.65        2.0941   -1   2   2         4
                50.72          9.55        2.0899    1   2   2         4
                51.38          5.64        2.0648   -2   1   2         4
                51.60          2.57        2.0567    2   1   2         4
                54.85        100.00        1.9433    2   2   0         4
                54.99         53.67        1.9391    0   0   4         2
                56.25          9.27        1.8989    0   2   3         4
                56.65          6.86        1.8866   -2   2   1         4
                56.75          3.80        1.8835    2   2   1         4
                59.88          1.44        1.7934   -1   2   3         4
================================================================================
       XPOW Copyright 1993 Bob Downs, Ranjini Swaminathan and Kurt Bartelmehs
  For reference, see Downs et al. (1993) American Mineralogist 78, 1104-1107.