      Destinezite
      Peacor D R, Rouse R C, Coskren T D, Essene E J
      Clays and Clay Minerals 47 (1999) 1-11
      Destinezite ("diadochite"), Fe2(PO4)(SO4)(OH)*6(H2O):
      its crystal structure and role as a soil mineral at Alum Cave Bluff,Tennessee
      Locality: Alum Cave Bluff, Tennessee, USA
      _database_code_amcsd 0012239
      CELL PARAMETERS:   9.5700  9.7160  7.3130   98.740  107.900   63.860
      SPACE GROUP: P-1       
      X-RAY WAVELENGTH:     1.790290
      Cell Volume:    580.773
      Density (g/cm3):      2.409
      MAX. ABS. INTENSITY / VOLUME**2:      4.333059162    
      RIR:      0.840
      RIR based on corundum from Acta Crystallographica A38 (1982) 733-739
               2-THETA      INTENSITY    D-SPACING   H   K   L   Multiplicity
                11.78         91.54        8.7206    0   1   0         2
                12.43         99.20        8.2698    1   0   0         2
                13.07         17.37        7.8669    1   1   0         2
                14.78          9.77        6.9577    0   0   1         2
                16.84         18.09        6.1131   -1  -1   1         2
                18.77         31.36        5.4908    0  -1   1         2
                19.13         16.96        5.3881    0   1   1         2
                20.47         16.08        5.0389   -1   1   0         2
                21.64          2.08        4.7677    1   2   0         2
                21.82         21.87        4.7300    1   0   1         2
                22.35          7.16        4.6190    1   1   1         2
                23.69         64.71        4.3603    0   2   0         2
                25.01          9.78        4.1349    2   0   0         2
                25.40         75.25        4.0720   -2   0   1         2
                26.31         12.88        3.9334    2   2   0         2
                26.42        100.00        3.9170   -2  -2   1         2
                27.79         10.84        3.7273    0  -2   1         2
                28.29          1.59        3.6630    0   2   1         2
                28.45         18.03        3.6431    1   2   1         2
                29.03          6.50        3.5711   -1   0   2         2
                29.08          4.59        3.5652   -1  -1   2         2
                29.82         30.13        3.4789    0   0   2         2
                30.90          1.53        3.3607    2   1   1         2
                31.23          2.41        3.3251   -1   2   0         2
                31.95          1.21        3.2530    0  -1   2         2
                32.39          8.58        3.2099    0   1   2         2
                32.43         24.89        3.2055   -2   1   1         2
                32.54         10.86        3.1947    2   0   1         2
                32.57          3.46        3.1923    1   3   0         2
                33.38         12.92        3.1165   -1   2   1         2
                33.46          1.58        3.1092   -2   0   2         2
                33.63          2.25        3.0941   -1   1   2         2
                33.79          3.39        3.0802    2   2   1         2
                33.83         25.01        3.0767   -3  -2   1         2
                34.06          2.49        3.0566   -2  -2   2         2
                34.13         17.52        3.0507   -1  -3   1         2
                35.27          1.30        2.9551    3   2   0         2
                35.51         82.23        2.9350    1   0   2         2
                35.87         24.47        2.9069    0   3   0         2
                35.96          6.69        2.9001    1   1   2         2
                36.01          4.93        2.8959    1  -2   1         2
                36.75         14.10        2.8398   -3   0   1         2
                37.68          6.63        2.7723    1   3   1         2
                38.06          1.32        2.7454    0  -2   2         2
                38.37          4.96        2.7242   -3  -1   2         2
                38.54          9.04        2.7125   -3  -3   1         2
                38.71          3.91        2.7009    0  -3   1         2
                38.81          1.91        2.6941    0   2   2         2
                38.86          3.57        2.6911   -3  -2   2         2
                40.37         14.55        2.5945    2   3   1         2
                41.65          6.67        2.5180   -3   0   2         2
                42.05          2.00        2.4950   -2   2   1         2
                42.60          4.03        2.4640    3   2   1         2
                43.01          1.11        2.4418   -3  -3   2         2
                43.57          2.83        2.4119   -1  -1   3         2
                43.62          1.63        2.4092   -1   0   3         2
                43.67          6.85        2.4068   -3   1   1         2
                44.03          3.45        2.3880   -4  -2   1         2
                44.11          1.07        2.3838    2   4   0         2
                44.48          3.22        2.3650    2   0   2         2
                44.59          1.10        2.3597   -3   1   0         2
                44.77          2.93        2.3508   -1   3   1         2
                45.41          1.94        2.3192    0   0   3         2
                45.58          1.10        2.3110   -1  -4   1         2
                45.61          3.10        2.3095    2   2   2         2
                45.66          4.32        2.3070   -2   0   3         2
                45.85          3.15        2.2980    1  -2   2         2
                46.25          1.83        2.2793   -3  -4   1         2
                46.44          6.42        2.2703   -4  -3   1         2
                46.66          4.79        2.2602    2  -2   1         2
                46.69          1.32        2.2590    1  -3   1         2
                46.84          6.62        2.2522    0  -1   3         2
                46.92          4.46        2.2483   -1  -2   3         2
                46.99          1.73        2.2452   -4  -2   2         2
                47.07          2.53        2.2419   -1   1   3         2
                47.28          2.72        2.2324    4   1   0         2
                47.32          1.22        2.2306    0   1   3         2
                47.52          4.37        2.2215    3   4   0         2
                48.06          1.05        2.1980   -3   1   2         2
                48.33          1.92        2.1866   -3  -1   3         2
                48.58          6.46        2.1760    1   4   1         2
                48.91          1.55        2.1623    2  -1   2         2
                49.28          1.78        2.1470   -4   0   1         2
                50.09          3.83        2.1146   -3  -4   2         2
                50.59          2.62        2.0949    3  -1   1         2
                50.67          6.25        2.0920    0  -4   1         2
                51.11          7.05        2.0751    1   1   3         2
                51.17          1.66        2.0728   -3   0   3         2
                51.27          5.95        2.0690    0   4   1         2
                51.31          1.19        2.0675    4   0   0         2
                51.70          1.23        2.0531   -1  -4   2         2
                51.90          5.91        2.0457   -4  -4   1         2
                52.12          4.47        2.0377   -3  -3   3         2
                52.16          5.20        2.0360   -4   0   2         2
                52.29          4.33        2.0314    0   2   3         2
                52.77          2.70        2.0141   -2   3   0         2
                53.20         10.01        1.9990   -2   3   1         2
                53.21          1.70        1.9987    3   1   2         2
                53.36          8.02        1.9935    1  -1   3         2
                54.15          2.73        1.9667    4   4   0         2
                54.40          1.52        1.9585   -4  -4   2         2
                54.54          1.89        1.9537    1   2   3         2
                54.93          2.28        1.9410    1  -3   2         2
                55.79          2.20        1.9133    4   3   1         2
                56.84          1.50        1.8809   -3   1   3         2
                57.46          1.40        1.8621    3   3   2         2
                57.89          2.44        1.8497    4   0   1         2
                58.56          3.40        1.8303    0  -3   3         2
                58.80          2.50        1.8234    1  -2   3         2
                58.95          1.77        1.8193   -4   1   2         2
                59.79          1.80        1.7960    0   3   3         2
                59.88          2.00        1.7935    2   2   3         2
================================================================================
       XPOW Copyright 1993 Bob Downs, Ranjini Swaminathan and Kurt Bartelmehs
  For reference, see Downs et al. (1993) American Mineralogist 78, 1104-1107.