      Donpeacorite
      Stimpfl M
      American Mineralogist 90 (2005) 155-161
      The Mn, Mg-intracrystalline exchange reaction in donpeacorite (Mn0.54Ca0.03Mg1.43Si2O6)
      and its relation to the fractionation behavior of Mn in Fe, Mg-orthopyroxene
      Sample: quenched from 980 deg C DIS
      _database_code_amcsd 0003668
      CELL PARAMETERS:  18.3653  8.8819  5.2305   90.000   90.000   90.000
      SPACE GROUP: Pbca      
      X-RAY WAVELENGTH:     1.790290
      Cell Volume:    853.193
      Density (g/cm3):      3.390
      MAX. ABS. INTENSITY / VOLUME**2:      4.170298635    
      RIR:      0.574
      RIR based on corundum from Acta Crystallographica A38 (1982) 733-739
               2-THETA      INTENSITY    D-SPACING   H   K   L   Multiplicity
                16.12          1.55        6.3841    2   1   0         4
                22.49          4.24        4.5913    4   0   0         2
                23.26          2.34        4.4409    0   2   0         2
                25.56         17.59        4.0460    2   1   1         8
                28.56          1.25        3.6295    3   1   1         8
                31.19         25.16        3.3292    1   2   1         8
                32.32         18.28        3.2163    4   1   1         8
                32.57         81.40        3.1921    4   2   0         4
                32.74        100.00        3.1763    2   2   1         8
                35.17         62.40        2.9625    3   2   1         8
                36.04         87.21        2.8939    6   1   0         4
                36.65         38.66        2.8473    5   1   1         8
                38.36         42.59        2.7247    4   2   1         8
                40.45          4.28        2.5891    1   0   2         4
                41.08         61.39        2.5515    1   3   1         8
                41.40         14.16        2.5321    6   1   1         8
                41.70         62.41        2.5152    2   0   2         4
                42.15         33.77        2.4893    5   2   1         8
                42.30         21.04        2.4807    2   3   1         8
                43.70         17.98        2.4050    3   0   2         4
                45.36          1.09        2.3214    3   1   2         8
                46.51         10.59        2.2674    7   1   1         8
                46.96          5.09        2.2469    4   3   1         8
                47.18          1.97        2.2367    1   2   2         8
                47.98          3.76        2.2015    4   1   2         8
                49.69         37.95        2.1304    5   0   2         4
                49.75          4.58        2.1280    6   3   0         4
                50.08          9.73        2.1148    3   2   2         8
                50.22         28.59        2.1093    5   3   1         8
                51.15          8.41        2.0737    7   2   1         8
                51.20         11.65        2.0716    5   1   2         8
                51.90          5.10        2.0456    8   1   1         8
                52.07          4.31        2.0393    8   2   0         4
                52.29         13.01        2.0314    1   4   1         8
                53.21          8.50        1.9990    4   4   0         4
                53.32         13.49        1.9951    2   4   1         8
                54.02         33.40        1.9711    6   3   1         8
                54.68          1.15        1.9490    1   3   2         8
                55.00          1.04        1.9387    3   4   1         8
                56.22          7.45        1.9000    8   2   1         8
                57.80         10.95        1.8522    7   0   2         4
                59.11          6.16        1.8147    6   2   2         8
                59.55          1.75        1.8027    4   3   2         8
                59.70          8.04        1.7985   10   1   0         4
================================================================================
       XPOW Copyright 1993 Bob Downs, Ranjini Swaminathan and Kurt Bartelmehs
  For reference, see Downs et al. (1993) American Mineralogist 78, 1104-1107.