      Donpeacorite
      Stimpfl M
      American Mineralogist 90 (2005) 155-161
      The Mn, Mg-intracrystalline exchange reaction in donpeacorite (Mn0.54Ca0.03Mg1.43Si2O6)
      and its relation to the fractionation behavior of Mn in Fe, Mg-orthopyroxene
      Sample: quenched from 856 deg C ORD
      _database_code_amcsd 0003671
      CELL PARAMETERS:  18.3645  8.8810  5.2284   90.000   90.000   90.000
      SPACE GROUP: Pbca      
      X-RAY WAVELENGTH:     1.790290
      Cell Volume:    852.727
      Density (g/cm3):      3.392
      MAX. ABS. INTENSITY / VOLUME**2:      4.156396409    
      RIR:      0.572
      RIR based on corundum from Acta Crystallographica A38 (1982) 733-739
               2-THETA      INTENSITY    D-SPACING   H   K   L   Multiplicity
                16.12          1.31        6.3837    2   1   0         4
                22.49          4.26        4.5911    4   0   0         2
                23.26          2.17        4.4405    0   2   0         2
                25.57         18.59        4.0449    2   1   1         8
                28.56          1.40        3.6287    3   1   1         8
                31.20         25.41        3.3285    1   2   1         8
                32.33         18.23        3.2157    4   1   1         8
                32.57         82.70        3.1918    4   2   0         4
                32.74        100.00        3.1757    2   2   1         8
                35.18         62.30        2.9620    3   2   1         8
                36.04         86.65        2.8937    6   1   0         4
                36.65         39.50        2.8468    5   1   1         8
                38.37         42.31        2.7243    4   2   1         8
                40.47          4.30        2.5881    1   0   2         4
                41.08         61.30        2.5511    1   3   1         8
                41.41         14.81        2.5318    6   1   1         8
                41.71         62.59        2.5143    2   0   2         4
                42.16         33.56        2.4889    5   2   1         8
                42.31         21.02        2.4803    2   3   1         8
                43.72         17.98        2.4041    3   0   2         4
                45.38          1.03        2.3206    3   1   2         8
                46.51         10.85        2.2672    7   1   1         8
                46.96          5.15        2.2466    4   3   1         8
                47.20          2.12        2.2360    1   2   2         8
                48.00          3.77        2.2009    4   1   2         8
                49.71         37.78        2.1298    5   0   2         4
                49.75          4.71        2.1279    6   3   0         4
                50.10         10.11        2.1142    3   2   2         8
                50.23         28.60        2.1090    5   3   1         8
                51.15          8.34        2.0735    7   2   1         8
                51.22         11.50        2.0711    5   1   2         8
                51.91          5.21        2.0454    8   1   1         8
                52.08          4.47        2.0392    8   2   0         4
                52.30         13.23        2.0311    1   4   1         8
                53.21          8.70        1.9988    4   4   0         4
                53.33         13.51        1.9948    2   4   1         8
                54.02         33.29        1.9709    6   3   1         8
                54.70          1.23        1.9485    1   3   2         8
                55.00          1.02        1.9385    3   4   1         8
                56.22          7.34        1.8998    8   2   1         8
                57.81         10.95        1.8518    7   0   2         4
                59.13          6.13        1.8143    6   2   2         8
                59.56          1.77        1.8022    4   3   2         8
                59.70          8.23        1.7984   10   1   0         4
================================================================================
       XPOW Copyright 1993 Bob Downs, Ranjini Swaminathan and Kurt Bartelmehs
  For reference, see Downs et al. (1993) American Mineralogist 78, 1104-1107.