      Donpeacorite
      Stimpfl M
      American Mineralogist 90 (2005) 155-161
      The Mn, Mg-intracrystalline exchange reaction in donpeacorite (Mn0.54Ca0.03Mg1.43Si2O6)
      and its relation to the fractionation behavior of Mn in Fe, Mg-orthopyroxene
      Sample: quenched from 806 deg C ORD
      _database_code_amcsd 0003672
      CELL PARAMETERS:  18.3559  8.8741  5.2256   90.000   90.000   90.000
      SPACE GROUP: Pbca      
      X-RAY WAVELENGTH:     1.790290
      Cell Volume:    851.209
      Density (g/cm3):      3.398
      MAX. ABS. INTENSITY / VOLUME**2:      4.157572645    
      RIR:      0.571
      RIR based on corundum from Acta Crystallographica A38 (1982) 733-739
               2-THETA      INTENSITY    D-SPACING   H   K   L   Multiplicity
                16.13          1.22        6.3797    2   1   0         4
                22.50          4.24        4.5890    4   0   0         2
                23.28          2.07        4.4370    0   2   0         2
                25.59         18.89        4.0426    2   1   1         8
                28.58          1.49        3.6267    3   1   1         8
                31.22         25.57        3.3263    1   2   1         8
                32.34         18.26        3.2140    4   1   1         8
                32.60         83.15        3.1898    4   2   0         4
                32.77        100.00        3.1736    2   2   1         8
                35.20         62.28        2.9601    3   2   1         8
                36.06         86.30        2.8923    6   1   0         4
                36.67         39.77        2.8454    5   1   1         8
                38.39         42.32        2.7227    4   2   1         8
                40.49          4.34        2.5867    1   0   2         4
                41.11         61.31        2.5493    1   3   1         8
                41.43         15.03        2.5305    6   1   1         8
                41.74         62.58        2.5130    2   0   2         4
                42.18         33.50        2.4875    5   2   1         8
                42.34         20.99        2.4786    2   3   1         8
                43.74         18.05        2.4029    3   0   2         4
                45.40          1.03        2.3194    3   1   2         8
                46.54         10.97        2.2660    7   1   1         8
                47.00          5.10        2.2451    4   3   1         8
                47.23          2.17        2.2347    1   2   2         8
                48.03          3.81        2.1997    4   1   2         8
                49.73         37.73        2.1287    5   0   2         4
                49.79          4.76        2.1266    6   3   0         4
                50.13         10.20        2.1129    3   2   2         8
                50.26         28.57        2.1077    5   3   1         8
                51.18          8.35        2.0724    7   2   1         8
                51.24         11.36        2.0700    5   1   2         8
                51.93          5.25        2.0444    8   1   1         8
                52.11          4.51        2.0381    8   2   0         4
                52.34         13.24        2.0296    1   4   1         8
                53.25          8.76        1.9974    4   4   0         4
                53.37         13.60        1.9934    2   4   1         8
                54.06         33.27        1.9697    6   3   1         8
                54.74          1.25        1.9472    1   3   2         8
                55.05          1.00        1.9371    3   4   1         8
                56.25          7.32        1.8988    8   2   1         8
                57.85         10.91        1.8509    7   0   2         4
                59.16          6.12        1.8133    6   2   2         8
                59.60          1.76        1.8011    4   3   2         8
                59.73          8.32        1.7975   10   1   0         4
================================================================================
       XPOW Copyright 1993 Bob Downs, Ranjini Swaminathan and Kurt Bartelmehs
  For reference, see Downs et al. (1993) American Mineralogist 78, 1104-1107.