      Donpeacorite
      Stimpfl M
      American Mineralogist 90 (2005) 155-161
      The Mn, Mg-intracrystalline exchange reaction in donpeacorite (Mn0.54Ca0.03Mg1.43Si2O6)
      and its relation to the fractionation behavior of Mn in Fe, Mg-orthopyroxene
      Sample: quenched from 900 deg C DIS
      _database_code_amcsd 0003669
      CELL PARAMETERS:  18.3686  8.8828  5.2287   90.000   90.000   90.000
      SPACE GROUP: Pbca      
      X-RAY WAVELENGTH:     1.790290
      Cell Volume:    853.139
      Density (g/cm3):      3.391
      MAX. ABS. INTENSITY / VOLUME**2:      4.155460327    
      RIR:      0.572
      RIR based on corundum from Acta Crystallographica A38 (1982) 733-739
               2-THETA      INTENSITY    D-SPACING   H   K   L   Multiplicity
                16.12          1.45        6.3850    2   1   0         4
                22.48          4.22        4.5922    4   0   0         2
                23.25          2.23        4.4414    0   2   0         2
                25.57         18.11        4.0454    2   1   1         8
                28.56          1.36        3.6292    3   1   1         8
                31.20         25.34        3.3290    1   2   1         8
                32.32         18.30        3.2163    4   1   1         8
                32.57         82.02        3.1925    4   2   0         4
                32.74        100.00        3.1762    2   2   1         8
                35.18         62.27        2.9624    3   2   1         8
                36.03         86.70        2.8944    6   1   0         4
                36.65         38.95        2.8473    5   1   1         8
                38.36         42.26        2.7248    4   2   1         8
                40.47          4.24        2.5883    1   0   2         4
                41.08         61.21        2.5515    1   3   1         8
                41.40         14.42        2.5323    6   1   1         8
                41.71         62.35        2.5145    2   0   2         4
                42.15         33.43        2.4894    5   2   1         8
                42.30         21.00        2.4807    2   3   1         8
                43.72         17.91        2.4043    3   0   2         4
                45.37          1.05        2.3208    3   1   2         8
                46.50         10.71        2.2676    7   1   1         8
                46.95          5.13        2.2470    4   3   1         8
                47.19          2.02        2.2362    1   2   2         8
                47.99          3.74        2.2011    4   1   2         8
                49.70         37.68        2.1301    5   0   2         4
                49.74          4.61        2.1283    6   3   0         4
                50.09          9.86        2.1144    3   2   2         8
                50.22         28.58        2.1094    5   3   1         8
                51.14          8.34        2.0739    7   2   1         8
                51.21         11.57        2.0713    5   1   2         8
                51.90          5.11        2.0458    8   1   1         8
                52.06          4.36        2.0396    8   2   0         4
                52.29         12.99        2.0315    1   4   1         8
                53.20          8.58        1.9992    4   4   0         4
                53.31         13.48        1.9952    2   4   1         8
                54.01         33.11        1.9713    6   3   1         8
                54.69          1.17        1.9487    1   3   2         8
                54.99          1.04        1.9388    3   4   1         8
                56.21          7.30        1.9002    8   2   1         8
                57.81         10.89        1.8521    7   0   2         4
                59.12          6.07        1.8146    6   2   2         8
                59.55          1.72        1.8025    4   3   2         8
                59.69          8.11        1.7988   10   1   0         4
================================================================================
       XPOW Copyright 1993 Bob Downs, Ranjini Swaminathan and Kurt Bartelmehs
  For reference, see Downs et al. (1993) American Mineralogist 78, 1104-1107.