      Enstatite
      Smyth J R, Mierdel K, Keppler H, Langenhorst F, Dubrovinsky L, Nestola F
      American Mineralogist 92 (2007) 973-976
      Crystal chemistry of hydration in aluminous orthopyroxene
      Locality: synthetic
      _database_code_amcsd 0004362
      CELL PARAMETERS:  18.1876  8.7352  5.1789   90.000   90.000   90.000
      SPACE GROUP: Pbca      
      X-RAY WAVELENGTH:     1.790290
      Cell Volume:    822.784
      Density (g/cm3):      3.229
      MAX. ABS. INTENSITY / VOLUME**2:      3.874366149    
      RIR:      0.560
      RIR based on corundum from Acta Crystallographica A38 (1982) 733-739
               2-THETA      INTENSITY    D-SPACING   H   K   L   Multiplicity
                16.34          3.05        6.2997    2   1   0         4
                23.65         14.60        4.3676    0   2   0         2
                23.88          6.79        4.3269    1   1   1         8
                25.86          2.00        4.0006    2   1   1         8
                31.64         37.85        3.2839    1   2   1         8
                32.68         17.43        3.1821    4   1   1         8
                33.02         48.42        3.1498    4   2   0         4
                33.19         91.88        3.1342    2   2   1         8
                34.35          1.67        3.0313    6   0   0         2
                35.65         52.29        2.9246    3   2   1         8
                36.43        100.00        2.8637    6   1   0         4
                37.05         26.22        2.8176    5   1   1         8
                37.66          2.14        2.7731    2   3   0         4
                38.86         34.49        2.6912    4   2   1         8
                41.72         51.25        2.5137    1   3   1         8
                41.85          3.99        2.5061    6   1   1         8
                42.13         70.59        2.4905    2   0   2         4
                42.68         31.10        2.4597    5   2   1         8
                42.82          2.12        2.4520    4   3   0         4
                42.96          8.20        2.4447    2   3   1         8
                44.16          6.11        2.3813    3   0   2         4
                44.96          8.57        2.3412    3   3   1         8
                45.86          2.39        2.2975    3   1   2         8
                46.37          2.42        2.2734    8   0   0         2
                46.88          2.06        2.2501    4   0   2         4
                47.01          5.63        2.2444    7   1   1         8
                47.65          4.47        2.2162    4   3   1         8
                48.51          1.98        2.1790    4   1   2         8
                50.22         29.16        2.1095    5   0   2         4
                50.46          1.80        2.0999    6   3   0         4
                50.70          3.03        2.0908    3   2   2         8
                50.94         20.89        2.0815    5   3   1         8
                51.77         14.42        2.0506    5   1   2         8
                51.77          7.04        2.0505    7   2   1         8
                52.47          4.46        2.0250    8   1   1         8
                52.70          1.10        2.0166    8   2   0         4
                53.17          1.02        2.0003    4   2   2         8
                53.18         11.00        2.0000    1   4   1         8
                54.09          5.20        1.9685    4   4   0         4
                54.21         12.58        1.9647    2   4   1         8
                54.77         28.50        1.9460    6   3   1         8
                55.56          1.49        1.9207    6   1   2         8
                55.90          1.87        1.9098    3   4   1         8
                56.89          6.18        1.8792    8   2   1         8
                58.10          1.56        1.8434    3   3   2         8
                58.22          1.86        1.8401    4   4   1         8
                58.43          5.02        1.8341    7   0   2         4
                59.83          5.85        1.7949    6   2   2         8
================================================================================
       XPOW Copyright 1993 Bob Downs, Ranjini Swaminathan and Kurt Bartelmehs
  For reference, see Downs et al. (1993) American Mineralogist 78, 1104-1107.