      Enstatite
      Jacob D, Palatinus L, Cuvillier P, Leroux H, Domeneghetti C, Camara F
      American Mineralogist 98 (2013) 1526-1534
      Ordering state in orthopyroxene as determined by precession electron diffraction
      Locality: Wilson Terrane, North Victoria Land, Antarctica
      _database_code_amcsd 0020255
      CELL PARAMETERS:  18.3022  8.8816  5.2082   90.000   90.000   90.000
      SPACE GROUP: Pbca      
      X-RAY WAVELENGTH:     1.790290
      Cell Volume:    846.608
      Density (g/cm3):      3.443
      MAX. ABS. INTENSITY / VOLUME**2:      4.108970448    
      RIR:      0.557
      RIR based on corundum from Acta Crystallographica A38 (1982) 733-739
               2-THETA      INTENSITY    D-SPACING   H   K   L   Multiplicity
                16.15          4.95        6.3734    2   1   0         4
                22.56          8.59        4.5756    4   0   0         2
                23.26          2.95        4.4408    0   2   0         2
                25.65         17.39        4.0329    2   1   1         8
                30.72          1.21        3.3792    0   2   1         4
                31.25         24.69        3.3230    1   2   1         8
                32.43         18.30        3.2057    4   1   1         8
                32.63         82.26        3.1867    4   2   0         4
                32.80        100.00        3.1700    2   2   1         8
                35.25         62.36        2.9560    3   2   1         8
                36.15         98.10        2.8850    6   1   0         4
                36.77         36.41        2.8378    5   1   1         8
                37.06          1.12        2.8168    2   3   0         4
                38.45         43.38        2.7182    4   2   1         8
                40.63          4.70        2.5781    1   0   2         4
                41.12         68.21        2.5487    1   3   1         8
                41.55         11.88        2.5237    6   1   1         8
                41.88         61.81        2.5047    2   0   2         4
                42.22          1.32        2.4856    4   3   0         4
                42.26         34.23        2.4829    5   2   1         8
                42.36         26.44        2.4776    2   3   1         8
                43.89         19.20        2.3950    3   0   2         4
                45.55          2.00        2.3124    3   1   2         8
                46.67          8.45        2.2598    7   1   1         8
                47.04          4.53        2.2432    4   3   1         8
                47.34          1.35        2.2296    1   2   2         8
                48.18          2.67        2.1931    4   1   2         8
                49.84          3.13        2.1245    6   3   0         4
                49.90         39.90        2.1219    5   0   2         4
                50.26          8.26        2.1080    3   2   2         8
                50.32         30.90        2.1054    5   3   1         8
                51.30          9.24        2.0679    7   2   1         8
                51.41         13.82        2.0638    5   1   2         8
                52.09          4.59        2.0387    8   1   1         8
                52.23          4.23        2.0338    8   2   0         4
                52.33         10.71        2.0299    1   4   1         8
                53.24          8.71        1.9976    4   4   0         4
                53.36         13.25        1.9935    2   4   1         8
                54.14         38.07        1.9671    6   3   1         8
                55.05          1.41        1.9369    3   4   1         8
                56.39          8.36        1.8944    8   2   1         8
                57.36          1.48        1.8651    4   4   1         8
                57.47          1.15        1.8620    3   3   2         8
                58.04         11.65        1.8451    7   0   2         4
                59.32          5.75        1.8088    6   2   2         8
                59.72          1.41        1.7980    4   3   2         8
                59.92          6.42        1.7926   10   1   0         4
================================================================================
       XPOW Copyright 1993 Bob Downs, Ranjini Swaminathan and Kurt Bartelmehs
  For reference, see Downs et al. (1993) American Mineralogist 78, 1104-1107.