      Fairfieldite
      Fanfani L, Nunzi A, Zanazzi P F
      Acta Crystallographica B26 (1970) 640-645
      The crystal structure of fairfieldite
      Locality: Foote Mine, North Carolina, USA
      _database_code_amcsd 0009374
      CELL PARAMETERS:   5.7900  6.5700  5.5100  102.270  108.670   90.300
      SPACE GROUP: P-1       
      X-RAY WAVELENGTH:     1.790290
      Cell Volume:    193.428
      Density (g/cm3):      3.136
      MAX. ABS. INTENSITY / VOLUME**2:      7.310823636    
      RIR:      1.088
      RIR based on corundum from Acta Crystallographica A38 (1982) 733-739
               2-THETA      INTENSITY    D-SPACING   H   K   L   Multiplicity
                16.08         64.24        6.3998    0   1   0         2
                20.28          4.87        5.0849    0   0   1         2
                22.73          6.42        4.5420   -1   0   1         2
                22.90          9.49        4.5085    0  -1   1         2
                23.86         20.85        4.3300   -1   1   0         2
                25.84          2.20        4.0037    1   1   0         2
                26.08         10.11        3.9678   -1  -1   1         2
                28.76          9.67        3.6041    0   1   1         2
                29.75          8.20        3.4866   -1   1   1         2
                32.16        100.00        3.2314    1   0   1         2
                32.49         26.60        3.1999    0   2   0         2
                33.18          4.53        3.1348    1  -1   1         2
                34.31         32.50        3.0352    0  -2   1         2
                36.45         33.38        2.8623   -1   2   0         2
                36.93         23.03        2.8266   -2   0   1         2
                37.26         12.03        2.8017   -1  -2   1         2
                38.93         23.23        2.6861    1   1   1         2
                39.26         30.46        2.6645   -1   0   2         2
                39.43         16.08        2.6537   -1  -1   2         2
                39.82         61.85        2.6286   -2  -1   1         2
                40.76          9.81        2.5706    0  -1   2         2
                41.49          8.56        2.5271    1  -2   1         2
                42.53          4.02        2.4683    0   2   1         2
                42.63         31.37        2.4627   -1   2   1         2
                42.95          2.41        2.4453    2   1   0         2
                45.74         11.56        2.3030   -1   1   2         2
                46.18          9.78        2.2823   -1  -2   2         2
                46.43          3.40        2.2710   -2   0   2         2
                46.79          1.08        2.2543    0  -2   2         2
                47.14         12.58        2.2385   -2  -1   2         2
                48.06          1.39        2.1984    0   1   2         2
                48.82          5.64        2.1661   -2  -2   1         2
                48.85          8.14        2.1650   -2   2   0         2
                49.62          3.79        2.1333    0   3   0         2
                49.62          1.02        2.1332    2   0   1         2
                50.55         14.27        2.0964    1  -1   2         2
                50.88          4.90        2.0839    1   2   1         2
                51.14          1.16        2.0738   -2   2   1         2
                51.49          6.91        2.0609    1   0   2         2
                51.68          1.65        2.0539   -2   1   2         2
                51.98         21.38        2.0429   -1   3   0         2
                52.03         11.81        2.0408   -1  -3   1         2
                53.64          8.87        1.9839   -2  -2   2         2
                54.34          7.48        1.9602    1  -3   1         2
                55.07          1.24        1.9362    1   3   0         2
                55.11          7.75        1.9349    2   1   1         2
                55.27          9.78        1.9300    1  -2   2         2
                55.61         12.42        1.9191    2  -2   1         2
                57.10          1.42        1.8730   -1   2   2         2
                57.72          1.49        1.8544   -1  -3   2         2
                57.76          1.10        1.8535    0  -3   2         2
                58.02         10.71        1.8459   -3   1   1         2
                58.73          5.77        1.8254    0   3   1         2
                58.83          1.93        1.8227    3   0   0         2
                59.57         14.34        1.8020    0   2   2         2
                59.98          1.49        1.7907   -3   1   0         2
================================================================================
       XPOW Copyright 1993 Bob Downs, Ranjini Swaminathan and Kurt Bartelmehs
  For reference, see Downs et al. (1993) American Mineralogist 78, 1104-1107.