      Johannsenite
      Freed R L, Peacor D R
      American Mineralogist 52 (1967) 709-720
      Refinement of the crystal structure of johannsenite
      _database_code_amcsd 0000156
      CELL PARAMETERS:   9.9780  9.1560  5.2930   90.000  105.480   90.000
      SPACE GROUP: C2/c      
      X-RAY WAVELENGTH:     1.790290
      Cell Volume:    466.019
      Density (g/cm3):      3.523
      MAX. ABS. INTENSITY / VOLUME**2:      13.48997044    
      RIR:      1.788
      RIR based on corundum from Acta Crystallographica A38 (1982) 733-739
               2-THETA      INTENSITY    D-SPACING   H   K   L   Multiplicity
                15.52         17.69        6.6309    1   1   0         4
                21.46          8.65        4.8080    2   0   0         2
                22.55          4.93        4.5780    0   2   0         2
                23.16          1.06        4.4591   -1   1   1         4
                31.33         11.11        3.3155    2   2   0         4
                34.16        100.00        3.0480   -2   2   1         4
                34.42         35.49        3.0253    3   1   0         4
                35.35         10.68        2.9483   -3   1   1         4
                39.96         30.92        2.6196   -1   3   1         4
                40.73         44.93        2.5720    2   2   1         4
                41.09         38.29        2.5505    0   0   2         2
                41.23          1.96        2.5424   -1   1   2         4
                43.72          2.49        2.4040    4   0   0         2
                44.68          4.48        2.3548    3   1   1         4
                46.04          1.10        2.2890    0   4   0         2
                46.98         10.93        2.2460    1   1   2         4
                47.38          2.40        2.2281    0   2   2         4
                47.78          4.42        2.2103    3   3   0         4
                48.49         21.55        2.1797   -3   3   1         4
                49.13         13.18        2.1534   -4   2   1         4
                50.76          5.83        2.0884    0   4   1         4
                51.99         12.83        2.0425   -4   0   2         2
                52.08          9.29        2.0391    2   0   2         2
                53.19          3.05        1.9995   -1   3   2         4
                53.27          1.25        1.9969   -2   4   1         4
                56.08          4.45        1.9043    3   3   1         4
                56.80          1.36        1.8821    5   1   0         4
                57.45          1.42        1.8626    2   2   2         4
                58.04          1.53        1.8453    1   3   2         4
                58.11          1.93        1.8433    2   4   1         4
                59.01          3.84        1.8176    4   2   1         4
                59.68         15.47        1.7989    1   5   0         4
================================================================================
       XPOW Copyright 1993 Bob Downs, Ranjini Swaminathan and Kurt Bartelmehs
  For reference, see Downs et al. (1993) American Mineralogist 78, 1104-1107.