      Kalicinite
      Nitta I, Tomiie Y, Koo C H
      Acta Crystallographica 5 (1952) 292-292
      The crystal structure of potassium bicarbonate, KHCO3
      _database_code_amcsd 0009145
      CELL PARAMETERS:  15.1100  5.6700  3.7100   90.000  103.750   90.000
      SPACE GROUP: P2_1/a    
      X-RAY WAVELENGTH:     1.790290
      Cell Volume:    308.741
      Density (g/cm3):      2.132
      MAX. ABS. INTENSITY / VOLUME**2:      3.656076423    
      RIR:      0.801
      RIR based on corundum from Acta Crystallographica A38 (1982) 733-739
               2-THETA      INTENSITY    D-SPACING   H   K   L   Multiplicity
                14.01         35.37        7.3385    2   0   0         2
                19.49          1.68        5.2890    1   1   0         4
                27.97         31.04        3.7041    3   1   0         4
                28.24         83.01        3.6692    4   0   0         2
                28.88          1.38        3.5899   -2   0   1         2
                33.52         19.31        3.1044   -1   1   1         4
                35.11          2.36        2.9676    2   0   1         2
                35.39         83.27        2.9446   -4   0   1         2
                36.40        100.00        2.8661    1   1   1         4
                36.58         98.74        2.8522   -3   1   1         4
                36.81         25.09        2.8350    0   2   0         2
                37.52          8.59        2.7835    1   2   0         4
                39.57         52.47        2.6445    2   2   0         4
                40.06          8.97        2.6132   -4   1   1         4
                40.17          7.88        2.6068    5   1   0         4
                42.81          1.51        2.4529    3   2   0         4
                42.93          1.58        2.4462    6   0   0         2
                44.54         42.66        2.3621   -5   1   1         4
                45.58         51.13        2.3111    4   0   1         2
                47.03          4.88        2.2434    4   2   0         4
                47.37          1.86        2.2281    0   2   1         4
                47.45         37.77        2.2249   -2   2   1         4
                49.05          3.01        2.1564    1   2   1         4
                51.78         28.95        2.0499    2   2   1         4
                51.99          2.39        2.0423   -4   2   1         4
                52.08          3.32        2.0392    5   2   0         4
                54.15         15.27        1.9666    7   1   0         4
                55.34          3.06        1.9277    5   1   1         4
                55.46          2.26        1.9239    3   2   1         4
                55.73          1.56        1.9151   -7   1   1         4
                57.05          6.66        1.8745    1   3   0         4
                57.71          1.65        1.8549   -2   0   2         2
                57.81         33.52        1.8520    6   2   0         4
                58.41          5.45        1.8346    8   0   0         2
                58.96         11.77        1.8191   -8   0   1         2
                59.58          9.05        1.8018    0   0   2         2
                59.83          7.20        1.7949   -4   0   2         2
                59.96          2.40        1.7913    4   2   1         4
================================================================================
       XPOW Copyright 1993 Bob Downs, Ranjini Swaminathan and Kurt Bartelmehs
  For reference, see Downs et al. (1993) American Mineralogist 78, 1104-1107.