      Kalicinite
      Nitta I, Tomiie Y, Koo C H
      Acta Crystallographica 7 (1954) 140-141
      On the relation among the results of various
      investigations on potassium bicarbonate, KHCO3
      _database_code_amcsd 0009158
      CELL PARAMETERS:  15.1760  5.6300  3.7080   90.000  104.520   90.000
      SPACE GROUP: P2_1/a    
      X-RAY WAVELENGTH:     1.790290
      Cell Volume:    306.696
      Density (g/cm3):      2.146
      MAX. ABS. INTENSITY / VOLUME**2:      3.867925219    
      RIR:      0.841
      RIR based on corundum from Acta Crystallographica A38 (1982) 733-739
               2-THETA      INTENSITY    D-SPACING   H   K   L   Multiplicity
                14.00         33.94        7.3456    2   0   0         2
                19.61          1.77        5.2572    1   1   0         4
                28.04         28.99        3.6949    3   1   0         4
                28.21         81.83        3.6728    4   0   0         2
                28.79          1.62        3.6008   -2   0   1         2
                33.60         18.51        3.0967   -1   1   1         4
                35.14         84.85        2.9656   -4   0   1         2
                35.37          2.07        2.9468    2   0   1         2
                36.49        100.00        2.8591   -3   1   1         4
                36.64         96.91        2.8479    1   1   1         4
                37.08         24.13        2.8150    0   2   0         2
                37.78          8.36        2.7647    1   2   0         4
                39.82         51.17        2.6286    2   2   0         4
                39.90          9.18        2.6238   -4   1   1         4
                40.20          7.91        2.6048    5   1   0         4
                42.89          1.38        2.4485    6   0   0         2
                43.03          1.48        2.4405    3   2   0         4
                44.31         42.87        2.3739   -5   1   1         4
                45.90         49.90        2.2955    4   0   1         2
                47.24          4.84        2.2342    4   2   0         4
                47.61         36.74        2.2177   -2   2   1         4
                47.67          2.06        2.2151    0   2   1         4
                49.40          3.01        2.1420    1   2   1         4
                52.01          2.37        2.0417   -4   2   1         4
                52.18         28.23        2.0355    2   2   1         4
                52.26          3.36        2.0327    5   2   0         4
                54.15         15.36        1.9666    7   1   0         4
                55.40          1.41        1.9258   -7   1   1         4
                55.72          2.99        1.9155    5   1   1         4
                55.89          2.19        1.9103    3   2   1         4
                57.48          6.45        1.8615    1   3   0         4
                57.74          1.80        1.8540   -2   0   2         2
                57.96         33.96        1.8475    6   2   0         4
                58.35          5.59        1.8364    8   0   0         2
                58.51         12.56        1.8317   -8   0   1         2
                59.63          7.42        1.8004   -4   0   2         2
                59.83          9.21        1.7948    0   0   2         2
================================================================================
       XPOW Copyright 1993 Bob Downs, Ranjini Swaminathan and Kurt Bartelmehs
  For reference, see Downs et al. (1993) American Mineralogist 78, 1104-1107.