      Kaolinite
      Bish D L, Von Dreele R B
      Clays and Clay Minerals 37 (1989) 289-296
      Rietveld refinement of non-hydrogen atomic positions in kaolinite
      Locality: Keokuk, Iowa, USA
      Note: clay
      _database_code_amcsd 0012232
      CELL PARAMETERS:   5.1554  8.9448  7.4048   91.700  104.862   89.822
      SPACE GROUP: C1        
      X-RAY WAVELENGTH:     1.790290
      Cell Volume:    329.893
      Density (g/cm3):      2.558
      MAX. ABS. INTENSITY / VOLUME**2:      6.622539262    
      RIR:      1.209
      RIR based on corundum from Acta Crystallographica A38 (1982) 733-739
               2-THETA      INTENSITY    D-SPACING   H   K   L   Multiplicity
                14.38        100.00        7.1539    0   0   1         1
                23.10         17.15        4.4704    0   2   0         1
                23.69         51.30        4.3612   -1   1   0         1
                24.73         49.08        4.1809   -1  -1   1         1
                25.04         23.80        4.1289   -1   1   1         1
                26.94         34.58        3.8430    0  -2   1         1
                27.69         14.51        3.7412    0   2   1         1
                28.99         60.46        3.5769    0   0   2         1
                30.36          1.54        3.4185    1  -1   1         1
                30.77         19.02        3.3737    1   1   1         1
                32.97          4.29        3.1544   -1  -1   2         1
                33.53          4.66        3.1036   -1   1   2         1
                37.95          6.96        2.7531    0   2   2         1
                40.83          6.33        2.5662   -2   0   1         1
                40.88          7.20        2.5630   -1   3   0         1
                41.06          6.96        2.5525    1   3   0         1
                41.39          8.83        2.5332   -1  -3   1         1
                41.64          4.36        2.5186    1  -1   2         1
                41.99          9.55        2.4986   -1   3   1         1
                42.11          9.53        2.4914    2   0   0         1
                42.21          2.34        2.4860    1   1   2         1
                44.10          6.65        2.3846    0   0   3         1
                44.86         20.30        2.3460   -2   0   2         1
                45.01          1.85        2.3384   -1  -1   3         1
                45.08         18.97        2.3353    1  -3   1         1
                45.68          2.50        2.3060   -1   1   3         1
                45.96         24.29        2.2928    1   3   1         1
                46.85          2.70        2.2515   -1  -3   2         1
                48.09          2.48        2.1968   -1   3   2         1
                48.37          2.15        2.1852    2   0   1         1
                49.69          2.04        2.1306    0  -2   3         1
                51.39          1.18        2.0645   -2   2   2         1
                53.25          7.55        1.9976   -2   0   3         1
                53.58          7.16        1.9859    1  -3   2         1
                54.56          2.60        1.9530    2   2   1         1
                54.99          5.18        1.9388    1   3   2         1
                55.53          2.63        1.9215    0  -4   2         1
                56.30          2.74        1.8974   -1  -3   3         1
                57.18          2.40        1.8706    0   4   2         1
                58.00          2.69        1.8464   -1   3   3         1
                58.28          3.51        1.8384   -2  -2   3         1
                58.38          2.09        1.8355    2   0   2         1
================================================================================
       XPOW Copyright 1993 Bob Downs, Ranjini Swaminathan and Kurt Bartelmehs
  For reference, see Downs et al. (1993) American Mineralogist 78, 1104-1107.