      Kapundaite
      Mills S J, Birch W D, Kampf A R, Christy A G, Pluth J J, Pring A,
      Raudsepp M, Chen Y S
      American Mineralogist 95 (2010) 754-760
      Kapundaite, (Na,Ca)2Fe3+4(PO4)4(OH)3*5H2O, a new phosphate species from
      Toms quarry, South Australia: Description and structural
      relationship to melonjosephite
      Locality: Toms quarry, South Australia
      _database_code_amcsd 0018799
      CELL PARAMETERS:   6.3170  7.6980  9.7680  105.530   99.240   90.090
      SPACE GROUP: P-1       
      X-RAY WAVELENGTH:     1.790290
      Cell Volume:    451.224
      Density (g/cm3):      2.994
      MAX. ABS. INTENSITY / VOLUME**2:      9.839506168    
      RIR:      1.534
      RIR based on corundum from Acta Crystallographica A38 (1982) 733-739
               2-THETA      INTENSITY    D-SPACING   H   K   L   Multiplicity
                11.07        100.00        9.2791    0   0   1         2
                13.88         31.81        7.4088    0   1   0         2
                15.24          3.27        6.7522    0  -1   1         2
                18.32          7.08        5.6244   -1   0   1         2
                20.03         46.37        5.1481    0   1   1         2
                21.44         22.33        4.8126    1   0   1         2
                21.64          1.04        4.7694   -1  -1   1         2
                22.14          1.26        4.6611    1   1   0         2
                22.25          1.12        4.6395    0   0   2         2
                22.83          6.48        4.5232    0  -1   2         2
                23.43          1.16        4.4080    1  -1   1         2
                24.39          1.46        4.2372   -1   1   1         2
                25.48          3.31        4.0598   -1   0   2         2
                27.14         35.92        3.8156    0  -2   1         2
                27.97          1.74        3.7044    0   2   0         2
                29.42         25.72        3.5251    0   1   2         2
                30.04          2.38        3.4544    1   0   2         2
                30.11          8.66        3.4464    1  -1   2         2
                30.75         22.71        3.3761    0  -2   2         2
                31.96          1.98        3.2514   -1   2   0         2
                32.94          8.52        3.1578    0   2   1         2
                33.34          2.60        3.1202    1   2   0         2
                33.41          4.99        3.1141    2   0   0         2
                33.42         11.61        3.1133   -2   0   1         2
                33.65          1.33        3.0930    0   0   3         2
                33.89          4.56        3.0713   -1  -2   2         2
                34.46          9.38        3.0218   -1  -1   3         2
                35.02          4.15        2.9753   -1   0   3         2
                35.70          8.78        2.9201   -2   1   0         2
                35.75         10.05        2.9167   -2  -1   1         2
                36.29          4.15        2.8746    1  -2   2         2
                36.93          3.70        2.8259   -2   1   1         2
                37.10          7.49        2.8139    2   0   1         2
                37.12          9.31        2.8122   -2   0   2         2
                37.66         12.16        2.7734    0  -2   3         2
                38.04         15.19        2.7466    2  -1   1         2
                38.10         17.83        2.7428   -2  -1   2         2
                38.54          3.73        2.7125    1   2   1         2
                40.07         12.82        2.6132    0   1   3         2
                40.24          1.71        2.6024    1   0   3         2
                40.83          5.19        2.5660    0  -3   1         2
                42.11          3.27        2.4916   -1   2   2         2
                42.38          3.04        2.4767    0  -3   2         2
                42.50         11.00        2.4696    0   3   0         2
                43.10          4.52        2.4371   -2  -2   1         2
                43.46          8.42        2.4178    2  -1   2         2
                43.52          5.71        2.4145   -2  -1   3         2
                43.64         12.15        2.4081    0  -1   4         2
                43.71          1.82        2.4046   -2   0   3         2
                44.02          4.57        2.3888    2  -2   1         2
                44.09          2.28        2.3847   -2  -2   2         2
                44.29          3.20        2.3746    1  -3   1         2
                44.37          2.49        2.3704   -1  -3   1         2
                45.12          6.85        2.3331   -2   2   1         2
                45.18          2.76        2.3305    2   2   0         2
                46.48          2.34        2.2688    1  -3   2         2
                47.47          2.15        2.2238   -1  -2   4         2
                48.67          1.53        2.1722   -1  -3   3         2
                49.99          1.69        2.1186   -2   2   2         2
                50.02          3.28        2.1172    2   2   1         2
                50.23         12.62        2.1091    0   2   3         2
                51.08          2.71        2.0761    3   0   0         2
                51.66          2.10        2.0544    1   3   1         2
                52.06          3.33        2.0397    1  -2   4         2
                52.29          1.83        2.0314    2   0   3         2
                52.33          2.01        2.0299   -2   0   4         2
                52.75          1.18        2.0149   -3   1   1         2
                53.68          2.01        1.9827    2  -3   1         2
                53.75          2.00        1.9803    0  -3   4         2
                53.77          1.09        1.9795   -2  -3   2         2
                53.90          1.22        1.9752    3   1   0         2
                54.74          2.84        1.9472   -1  -3   4         2
                54.90          2.43        1.9418    3  -1   1         2
                55.61          1.42        1.9191    0  -4   1         2
                56.33          1.76        1.8966   -2  -3   3         2
                57.11          3.12        1.8728   -3  -1   3         2
                57.27          1.42        1.8680    1   1   4         2
                57.68          3.97        1.8558    0   0   5         2
                58.24          1.81        1.8395   -3  -2   1         2
                58.48          1.47        1.8324    1  -3   4         2
                59.73          1.12        1.7975    3  -1   2         2
================================================================================
       XPOW Copyright 1993 Bob Downs, Ranjini Swaminathan and Kurt Bartelmehs
  For reference, see Downs et al. (1993) American Mineralogist 78, 1104-1107.