      Koksharovite
      Pekov I V, Zubkova N V, Yapaskurt V O, Kartashov P M, Polekhovsky Y S,
      Murashko M N, Pushcharovsky D Y
      European Journal of Mineralogy 26 (2014) 667-677
      Koksharovite, CaMg2Fe3+4(VO4)6, and grigorievite, Cu3Fe3+2Al2(VO4)6,
      two new howardevansite-group minerals from volcanic exhalations
      Locality: Bezymyannyi volcano, Kamchatka, Russia
      _database_code_amcsd 0020492
      CELL PARAMETERS:   8.1758  9.8292  6.6940  105.041  102.040  106.025
      SPACE GROUP: P-1       
      X-RAY WAVELENGTH:     1.790290
      Cell Volume:    476.023
      Density (g/cm3):      3.381
      MAX. ABS. INTENSITY / VOLUME**2:      7.108663783    
      RIR:      0.981
      RIR based on corundum from Acta Crystallographica A38 (1982) 733-739
               2-THETA      INTENSITY    D-SPACING   H   K   L   Multiplicity
                11.55          4.72        8.8935    0   1   0         2
                13.73         33.29        7.4914    1   0   0         2
                14.53         26.92        7.0769   -1   1   0         2
                16.70         13.40        6.1630    0   0   1         2
                18.16          1.37        5.6734   -1   0   1         2
                20.87          3.01        4.9413    1   1   0         2
                21.12         17.97        4.8855   -1  -1   1         2
                22.02         10.89        4.6867   -1   1   1         2
                22.40          1.34        4.6095    1  -1   1         2
                22.48          5.49        4.5930   -1   2   0         2
                23.23         11.61        4.4467    0   2   0         2
                23.62          3.12        4.3734    0  -2   1         2
                25.80         12.40        4.0100    1  -2   1         2
                25.95          6.16        3.9864   -2   1   0         2
                27.65         20.14        3.7457    2   0   0         2
                27.69         16.92        3.7412   -2   0   1         2
                28.96          5.03        3.5803   -1  -2   1         2
                29.31          8.56        3.5384   -2   2   0         2
                30.31         12.55        3.4245   -1   2   1         2
                31.63          6.77        3.2849    1   1   1         2
                31.74         59.33        3.2732    0  -1   2         2
                32.37         37.63        3.2112   -1   0   2         2
                32.91         95.20        3.1603   -1   3   0         2
                33.14         15.38        3.1385    0   2   1         2
                33.41          6.10        3.1143    2  -1   1         2
                33.42          1.43        3.1130    0  -3   1         2
                33.67         39.54        3.0911   -2   2   1         2
                33.71        100.00        3.0875    2   1   0         2
                33.77          1.07        3.0815    0   0   2         2
                33.99         11.05        3.0621    0  -2   2         2
                34.17         11.32        3.0466    2  -2   1         2
                36.02         21.26        2.8952   -1  -2   2         2
                36.71          7.92        2.8428   -1   1   2         2
                36.79         10.27        2.8367   -2   0   2         2
                37.18         13.81        2.8081    1  -1   2         2
                37.60         10.43        2.7774    1  -2   2         2
                38.15          3.70        2.7391   -2  -1   2         2
                38.79          7.56        2.6953    2  -3   1         2
                39.05          3.98        2.6782   -1  -3   1         2
                39.22          8.62        2.6674   -2   1   2         2
                39.36          1.44        2.6582   -3   1   0         2
                39.51         13.61        2.6484    0   1   2         2
                39.89          2.59        2.6239    0  -3   2         2
                40.28         14.51        2.5996   -3   2   0         2
                40.61          1.43        2.5794   -1   3   1         2
                42.01          4.58        2.4971    3   0   0         2
                42.48          1.30        2.4706    2   2   0         2
                42.99          6.26        2.4428   -2  -2   2         2
                43.09          1.37        2.4376    1  -4   1         2
                43.10          4.36        2.4369   -1  -3   2         2
                44.25          3.90        2.3766    0   3   1         2
                44.40          1.02        2.3694   -1   4   0         2
                44.56          2.68        2.3611    0  -4   1         2
                44.60          3.41        2.3590   -3   3   0         2
                45.79          1.10        2.3007    3  -2   1         2
                45.88          2.23        2.2965   -2   4   0         2
                46.31          1.62        2.2763   -3   1   2         2
                46.54          1.32        2.2658    3  -1   1         2
                46.69          2.66        2.2591    2  -1   2         2
                46.83          3.34        2.2528    1   1   2         2
                47.76         12.37        2.2114    3   1   0         2
                47.83          1.90        2.2080    0   2   2         2
                47.93          4.34        2.2040    2  -3   2         2
                48.23          1.35        2.1909    3  -3   1         2
                48.33          1.65        2.1867    0  -4   2         2
                48.57          7.15        2.1764    1  -4   2         2
                48.83          5.87        2.1655   -1  -2   3         2
                48.88          5.10        2.1634    0  -2   3         2
                50.14          1.74        2.1126   -3   2   2         2
                50.36          1.60        2.1038    3   0   1         2
                50.38          1.22        2.1031   -1  -4   1         2
                50.72          2.58        2.0902    2   0   2         2
                51.60         11.36        2.0568   -3  -2   1         2
                51.64         10.83        2.0553   -3   4   0         2
                51.91          1.71        2.0454   -2   4   1         2
                51.95          1.15        2.0437    1   3   1         2
                52.02          1.19        2.0414    0  -3   3         2
                52.13          8.12        2.0373    2   2   1         2
                52.26          1.91        2.0324   -4   1   1         2
                52.95          1.16        2.0079    2   3   0         2
                53.00          1.33        2.0062   -2  -2   3         2
                53.06          4.51        2.0042   -2   3   2         2
                53.18          4.48        1.9999   -1  -3   3         2
                53.53          2.07        1.9879    3  -4   1         2
                54.13          2.16        1.9675   -2   1   3         2
                54.55          8.27        1.9533    1   4   0         2
                54.94          6.25        1.9406    1  -3   3         2
                56.80          1.84        1.8819    3   1   1         2
                56.97          2.44        1.8768   -4   3   1         2
                57.10          6.68        1.8729    4   0   0         2
                57.18          2.21        1.8706   -4   0   2         2
                57.26          1.16        1.8682    0   1   3         2
                58.47          1.32        1.8328   -3   1   3         2
                58.79          2.29        1.8236    3  -1   2         2
                58.87          1.54        1.8214   -4  -1   1         2
                59.62          1.22        1.8005   -2  -4   1         2
================================================================================
       XPOW Copyright 1993 Bob Downs, Ranjini Swaminathan and Kurt Bartelmehs
  For reference, see Downs et al. (1993) American Mineralogist 78, 1104-1107.