      Krausite
      Graeber E J, Morosin B, Rosenzweig A
      American Mineralogist 50 (1965) 1929-1936
      The crystal structure of krausite, KFe(SO4)2.H2O
      _database_code_amcsd 0000141
      CELL PARAMETERS:   7.9080  5.1520  8.9880   90.000  102.750   90.000
      SPACE GROUP: P2_1/m    
      X-RAY WAVELENGTH:     1.790290
      Cell Volume:    357.160
      Density (g/cm3):      2.857
      MAX. ABS. INTENSITY / VOLUME**2:      8.952485566    
      RIR:      1.463
      RIR based on corundum from Acta Crystallographica A38 (1982) 733-739
               2-THETA      INTENSITY    D-SPACING   H   K   L   Multiplicity
                11.72          3.99        8.7664    0   0   1         2
                13.33         35.52        7.7130    1   0   0         2
                15.70         53.77        6.5521   -1   0   1         2
                23.25          5.75        4.4417    0   1   1         4
                23.57         50.95        4.3832    0   0   2         2
                24.12          8.39        4.2842    1   1   0         4
                24.42         34.05        4.2332   -1   0   2         2
                25.54          5.50        4.0499   -1   1   1         4
                26.83          2.87        3.8578   -2   0   1         2
                28.19         53.09        3.6755    1   1   1         4
                29.69         15.88        3.4940    1   0   2         2
                31.11          3.49        3.3384    0   1   2         4
                31.77         20.05        3.2707   -1   1   2         4
                33.70         17.61        3.0880   -2   1   1         4
                33.71        100.00        3.0874    2   1   0         4
                35.24         15.22        2.9574   -1   0   3         2
                35.68          4.44        2.9221    0   0   3         2
                36.07          5.51        2.8917    1   1   2         4
                37.79         25.17        2.7645   -2   1   2         4
                37.81         11.67        2.7631    2   1   1         4
                39.82          3.28        2.6287   -3   0   1         2
                39.88          2.20        2.6245   -2   0   3         2
                40.67         36.27        2.5760    0   2   0         2
                40.85          2.79        2.5648   -1   1   3         4
                41.24         32.09        2.5418    0   1   3         4
                45.04          2.62        2.3371    2   1   2         4
                45.80         11.79        2.3005    3   1   0         4
                47.06          2.15        2.2423   -1   0   4         2
                48.00          1.16        2.2006   -1   2   2         4
                48.21          5.17        2.1916    0   0   4         2
                48.39          5.54        2.1840   -3   0   3         2
                49.40         11.58        2.1423   -2   2   1         4
                49.40          2.77        2.1421    2   2   0         4
                49.84          1.09        2.1245    3   1   1         4
                51.15          7.82        2.0734    1   2   2         4
                52.49          5.32        2.0244    2   2   1         4
                52.70         10.46        2.0167    0   1   4         4
                53.30          1.95        1.9955    1   0   4         2
                53.84          3.32        1.9770   -4   0   1         2
                54.42          3.18        1.9578   -2   1   4         4
                54.45          4.03        1.9567    2   1   3         4
                55.32          3.01        1.9283    4   0   0         2
                56.56          2.22        1.8892    3   1   2         4
                58.02          2.82        1.8458   -4   1   1         4
                58.23          2.45        1.8399   -3   2   1         4
                58.28          6.43        1.8384   -2   2   3         4
                58.30          5.47        1.8377    2   2   2         4
                59.41          2.69        1.8064   -4   1   2         4
                59.43          1.81        1.8059    4   1   0         4
                59.58          6.83        1.8017    4   0   1         2
================================================================================
       XPOW Copyright 1993 Bob Downs, Ranjini Swaminathan and Kurt Bartelmehs
  For reference, see Downs et al. (1993) American Mineralogist 78, 1104-1107.