      Megacyclite
      Zubkova N V, Pekov I V, Chukanov N V, Listsin D V, Rabadanov M K, Pushcharovsky D Y
      New Data on Minerals. Moscow 42 (2007) 81-92
      New data on megacyclite
      _database_code_amcsd 0014933
      CELL PARAMETERS:  24.8219 11.9236 14.8765   90.000   94.486   90.000
      SPACE GROUP: P2_1/c    
      X-RAY WAVELENGTH:     1.790290
      Cell Volume:   4389.456
      Density (g/cm3):      1.904
      MAX. ABS. INTENSITY / VOLUME**2:      1.743370026    
      RIR:      0.428
      RIR based on corundum from Acta Crystallographica A38 (1982) 733-739
               2-THETA      INTENSITY    D-SPACING   H   K   L   Multiplicity
                 4.15         14.33       24.7459    1   0   0         2
                 8.30         33.05       12.3729    2   0   0         2
                11.06          5.40        9.2928    0   1   1         4
                11.62          6.57        8.8434   -1   1   1         4
                12.46         15.92        8.2486    3   0   0         2
                13.87         36.56        7.4155    0   0   2         2
                14.16          5.16        7.2613   -1   0   2         2
                14.79         37.04        6.9554    1   0   2         2
                15.17          1.18        6.7836    3   1   0         4
                16.27          3.92        6.3247   -3   1   1         4
                16.34          8.41        6.2970    0   1   2         4
                16.60          1.65        6.2018   -1   1   2         4
                16.64          3.19        6.1865    4   0   0         2
                16.73          8.75        6.1520    2   0   2         2
                17.14          3.65        6.0079    1   1   2         4
                17.27         33.62        5.9618    0   2   0         2
                17.77         19.71        5.7960    1   2   0         4
                17.85          3.90        5.7690   -2   1   2         4
                17.94          2.74        5.7425   -3   0   2         2
                18.63          1.96        5.5316    0   2   1         4
                18.76          2.26        5.4913    4   1   0         4
                18.97          1.42        5.4322   -1   2   1         4
                19.19          7.53        5.3708    2   2   0         4
                19.56          2.32        5.2702   -4   1   1         4
                20.47          8.34        5.0371    4   1   1         4
                20.86          3.79        4.9444   -4   0   2         2
                21.26          1.21        4.8522    3   1   2         4
                22.22         18.53        4.6464    0   2   2         4
                22.40          1.30        4.6077   -1   2   2         4
                22.55          2.03        4.5775    4   0   2         2
                22.78          1.30        4.5334    3   2   1         4
                22.81         23.98        4.5265    1   2   2         4
                23.16         36.42        4.4599   -5   1   1         4
                23.36          1.77        4.4217   -2   2   2         4
                24.13         72.41        4.2821    5   1   1         4
                24.70          3.87        4.1847   -4   2   1         4
                25.07          1.66        4.1243    6   0   0         2
                26.03          3.47        3.9755    5   0   2         2
                26.09          1.66        3.9660    3   2   2         4
                26.96          1.60        3.8401   -6   1   1         4
                27.19         38.66        3.8079   -4   1   3         4
                27.67          4.70        3.7430   -5   2   1         4
                27.79          8.16        3.7277    1   2   3         4
                27.94          1.78        3.7077    0   0   4         2
                27.98          5.50        3.7030    6   1   1         4
                28.00          1.32        3.7005   -2   2   3         4
                28.50         15.47        3.6360    5   2   1         4
                28.55          1.52        3.6308    4   2   2         4
                28.59         16.27        3.6255    1   0   4         2
                28.98          7.85        3.5773    2   2   3         4
                29.29          2.01        3.5405    0   1   4         4
                29.61          3.53        3.5031    0   3   2         4
                29.72          2.69        3.4902    6   0   2         2
                29.75          1.47        3.4864   -1   3   2         4
                29.78         10.85        3.4840   -5   1   3         4
                29.87          1.29        3.4735   -5   2   2         4
                29.91         23.41        3.4687    1   1   4         4
                30.04          1.36        3.4539    3   3   1         4
                30.07          2.02        3.4509    1   3   2         4
                30.72          3.32        3.3790    3   2   3         4
                30.91          2.43        3.3593   -7   1   1         4
                31.04          3.35        3.3453   -3   1   4         4
                31.11          2.20        3.3386    2   1   4         4
                31.11          1.07        3.3384    2   3   2         4
                31.17          3.47        3.3321   -4   2   3         4
                31.40          1.24        3.3076    5   2   2         4
                31.55          5.15        3.2927   -7   0   2         2
                31.56          8.00        3.2920   -4   3   1         4
                31.96          4.61        3.2516    7   1   1         4
                32.15          2.14        3.2328    4   3   1         4
                32.73          7.49        3.1771   -6   1   3         4
                32.73          3.12        3.1769   -4   1   4         4
                32.89          2.50        3.1624   -6   2   2         4
                33.03         11.74        3.1485    0   2   4         4
                33.59         99.67        3.0977    1   2   4         4
                33.64          1.28        3.0932    8   0   0         2
                33.73          1.69        3.0854   -5   0   4         2
                33.98         42.30        3.0636   -5   3   1         4
                34.50          2.66        3.0190   -7   2   1         4
                34.62          1.27        3.0088   -3   2   4         4
                34.67         17.09        3.0041    5   3   1         4
                34.67          1.76        3.0040    2   2   4         4
                34.88          2.47        2.9871   -5   1   4         4
                34.95         39.52        2.9809    0   4   0         2
                34.97          4.08        2.9790   -8   1   1         4
                35.25         12.00        2.9564    6   1   3         4
                35.36          2.13        2.9478   -3   3   3         4
                35.48         29.39        2.9376   -8   0   2         2
                35.54         21.69        2.9327    5   2   3         4
                35.67          4.83        2.9225    0   4   1         4
                35.86          2.92        2.9075   -1   4   1         4
                35.98          5.68        2.8980    2   4   0         4
                36.00          1.10        2.8971    1   4   1         4
                36.24          1.39        2.8785    3   2   4         4
                36.33          1.58        2.8712   -6   0   4         2
                36.45          1.36        2.8619    5   0   4         2
                36.58          3.07        2.8523   -8   1   2         4
                36.94         15.40        2.8258   -4   3   3         4
                37.24          8.45        2.8035    3   4   0         4
                37.41          1.65        2.7914   -6   1   4         4
                37.53          1.66        2.7829    5   1   4         4
                37.54          7.00        2.7821    6   3   1         4
                37.77          3.51        2.7658    0   4   2         4
                38.12          1.56        2.7414    3   4   1         4
                38.22          1.62        2.7340   -8   2   1         4
                38.47          1.84        2.7170    4   3   3         4
                38.69          1.32        2.7025    7   1   3         4
                38.89          1.53        2.6890   -4   1   5         4
                38.94          2.05        2.6856   -5   3   3         4
                38.94          6.28        2.6854    4   4   0         4
                39.04         13.67        2.6792    9   1   0         4
                39.05          6.69        2.6785    1   3   4         4
                39.14          2.14        2.6724   -9   1   1         4
                39.26          1.64        2.6648   -7   0   4         2
                39.36          6.56        2.6583   -4   4   1         4
                39.39          1.56        2.6560    6   0   4         2
                39.54         25.81        2.6464   -9   0   2         2
                39.85          3.30        2.6269    4   4   1         4
                40.00          1.36        2.6172    2   3   4         4
                40.77          6.29        2.5697    5   3   3         4
                41.32          1.09        2.5372    4   1   5         4
                41.70          3.16        2.5147    9   0   2         2
                41.88          1.34        2.5047   -4   2   5         4
                41.97         15.86        2.4997    5   4   1         4
                42.33          2.13        2.4792    8   1   3         4
                42.41          1.59        2.4746   10   0   0         2
                42.46          3.49        2.4722   -8   0   4         2
                43.03          5.20        2.4408    1   0   6         2
                43.36          2.64        2.4230   10   1   0         4
                43.40         16.08        2.4207   -8   1   4         4
                43.41          2.82        2.4205    6   3   3         4
                43.61          7.09        2.4100    5   1   5         4
                43.91          1.20        2.3941   -4   4   3         4
                43.97         11.99        2.3912    1   1   6         4
                44.18          1.19        2.3805   -1   3   5         4
                44.24          1.59        2.3772    0   3   5         4
                44.69          1.08        2.3545    0   5   1         4
                44.73          1.93        2.3523    1   3   5         4
                44.95          3.51        2.3418    2   1   6         4
                45.32          1.05        2.3233   -3   3   5         4
                45.45          3.70        2.3170    9   2   2         4
                45.66          2.58        2.3070   -5   4   3         4
                45.76          6.89        2.3025    1   4   4         4
                46.05          1.21        2.2888    8   0   4         2
                46.15          1.03        2.2838    9   1   3         4
                46.16          5.98        2.2837   -8   2   4         4
                46.22         10.91        2.2806    6   1   5         4
                46.34          1.38        2.2750   -2   2   6         4
                46.35          3.47        2.2746    5   2   5         4
                46.42          1.25        2.2715   -3   5   1         4
                46.44          3.42        2.2702    0   5   2         4
                46.51          2.26        2.2671   -4   3   5         4
                46.69          2.85        2.2588    1   2   6         4
                46.76          1.31        2.2558    1   5   2         4
                47.44          1.32        2.2251    4   5   0         4
                47.63          1.73        2.2170    2   2   6         4
                47.79          1.51        2.2098   -7   4   2         4
                47.80          2.50        2.2096   -4   5   1         4
                48.08          1.27        2.1972   -5   3   5         4
                48.22          5.02        2.1915    4   5   1         4
                48.78          2.28        2.1676    9   2   3         4
                48.85          3.58        2.1649    6   2   5         4
                49.12          1.18        2.1535    7   1   5         4
                49.26          1.19        2.1479   -4   5   2         4
                49.43          1.63        2.1410   10   2   2         4
                49.82          1.24        2.1251    9   3   2         4
                50.05          2.52        2.1160    5   5   1         4
                50.34          1.39        2.1048   11   2   0         4
                50.44          1.94        2.1007   10   3   0         4
                50.66          6.98        2.0923   -8   4   2         4
                50.89          1.05        2.0835   -2   1   7         4
                51.02          1.16        2.0785  -11   1   3         4
                51.18          4.24        2.0725   -7   1   6         4
                51.50          7.50        2.0604   -3   1   7         4
                51.63          1.14        2.0558   -6   5   1         4
                51.92          1.10        2.0450    5   5   2         4
                52.22          1.57        2.0339    6   5   1         4
                52.46          1.74        2.0253   -4   4   5         4
                52.91          2.72        2.0092   -8   0   6         2
                53.31          1.09        1.9952   -5   5   3         4
                53.40         10.18        1.9924    1   5   4         4
                53.72          1.33        1.9812   -8   1   6         4
                53.78         10.30        1.9790   -9   4   2         4
                54.76          2.02        1.9463    5   5   3         4
                55.19          1.17        1.9325  -12   1   3         4
                55.65          2.46        1.9178    7   3   5         4
                55.77          1.25        1.9141   12   2   1         4
                56.09          1.50        1.9040   10   4   0         4
                56.09          1.42        1.9040   -8   2   6         4
                56.19          1.07        1.9007   -5   2   7         4
                56.59          1.25        1.8885    1   4   6         4
                56.77          6.35        1.8830  -13   1   1         4
                56.90          7.29        1.8790    6   5   3         4
                57.39          1.21        1.8642  -11   3   3         4
                58.23          1.00        1.8398   -3   0   8         2
                58.48          2.21        1.8325   -3   5   5         4
                58.75          1.64        1.8249   -4   3   7         4
                58.80          1.48        1.8236    5   6   1         4
                59.05          4.42        1.8163  -13   2   1         4
                59.09          1.08        1.8153   -4   0   8         2
                59.18          1.73        1.8127    2   0   8         2
                59.41          1.30        1.8063    6   1   7         4
                59.48          4.24        1.8045   -4   5   5         4
================================================================================
       XPOW Copyright 1993 Bob Downs, Ranjini Swaminathan and Kurt Bartelmehs
  For reference, see Downs et al. (1993) American Mineralogist 78, 1104-1107.