      Metavivianite
      Chukanov N V, Scholz R, Aksenov S M, Rastsvetaeva R K, Pekov I V, Belakovskiy D I,
      Krambrock K, Paniago R M, Righi A, Martins R F, Belotti F M, Bermanec V
      Mineralogical Magazine 76 (2012) 725-741
      Metavivianite, Fe2+Fe3+2(PO4)2(OH)2*6H2O: new data and formula revision
      Locality: Boa Vista pegmatite, near Galileia, Minas Gerais, Brazil
      _database_code_amcsd 0018993
      CELL PARAMETERS:   7.9890  9.3210  4.6290   97.340   95.960  108.590
      SPACE GROUP: P-1       
      X-RAY WAVELENGTH:     1.790290
      Cell Volume:    320.184
      Density (g/cm3):      2.647
      MAX. ABS. INTENSITY / VOLUME**2:      15.75629149    
      RIR:      2.778
      RIR based on corundum from Acta Crystallographica A38 (1982) 733-739
               2-THETA      INTENSITY    D-SPACING   H   K   L   Multiplicity
                11.80         30.09        8.7051    0   1   0         2
                13.74          6.19        7.4821    1   0   0         2
                14.81        100.00        6.9467   -1   1   0         2
                20.99         27.39        4.9150    1   1   0         2
                23.09          6.72        4.4733   -1   2   0         2
                23.74          3.72        4.3526    0   2   0         2
                23.82          8.66        4.3377    0  -1   1         2
                24.77          5.47        4.1741   -1   0   1         2
                26.17          5.02        3.9536   -2   1   0         2
                27.18         11.01        3.8098   -1   1   1         2
                27.35         10.08        3.7868    1  -1   1         2
                27.49          8.61        3.7681    0   1   1         2
                28.48          5.88        3.6390    1   0   1         2
                30.09          1.18        3.4484    0  -2   1         2
                31.22          1.22        3.3270    1  -2   1         2
                31.39          1.02        3.3091    1   2   0         2
                33.21          1.36        3.1323   -2   0   1         2
                33.41          2.08        3.1146   -2   1   1         2
                33.78          1.82        3.0814    2   1   0         2
                33.83          2.53        3.0770   -1   3   0         2
                34.17         17.64        3.0473    1   1   1         2
                35.12         23.13        2.9674   -1  -2   1         2
                35.94          1.89        2.9017    0   3   0         2
                36.45          2.12        2.8624    2  -1   1         2
                37.23          9.74        2.8044   -2  -1   1         2
                37.76         11.79        2.7667   -2   2   1         2
                38.01          7.44        2.7491    2  -2   1         2
                38.75          3.60        2.6983    1  -3   1         2
                38.87          2.64        2.6903    2   0   1         2
                39.34          7.16        2.6590    0  -3   1         2
                39.56          2.64        2.6449   -3   1   0         2
                40.79          1.05        2.5689   -3   2   0         2
                42.07          4.87        2.4940    3   0   0         2
                42.81          7.76        2.4525    1   2   1         2
                43.18          4.50        2.4326    2  -3   1         2
                43.46          1.63        2.4177   -1   3   1         2
                43.72          4.72        2.4042   -3   1   1         2
                44.73          3.61        2.3526    2   1   1         2
                44.92          1.92        2.3429   -3   0   1         2
                45.24          4.11        2.3275   -2   3   1         2
                45.63          4.88        2.3084   -1   4   0         2
                45.96          3.59        2.2928   -3   2   1         2
                45.97          1.47        2.2925    0  -1   2         2
                47.18          1.10        2.2366   -2   4   0         2
                48.44          3.94        2.1821    3  -2   1         2
                48.45          1.49        2.1817    3  -1   1         2
                48.53          5.69        2.1783    1  -4   1         2
                48.96          1.40        2.1604   -1   1   2         2
                49.16          1.29        2.1520    1  -1   2         2
                50.27          1.37        2.1074    0  -4   1         2
                51.09          2.03        2.0759    2  -4   1         2
                51.30          3.18        2.0680   -3   3   1         2
                51.59          1.83        2.0569    3  -3   1         2
                53.13          1.70        2.0017    2   2   1         2
                53.32          1.34        1.9951    1   3   1         2
                53.95          1.54        1.9734   -2  -3   1         2
                54.05          1.85        1.9701   -4   1   0         2
                54.40          1.18        1.9582   -1   2   2         2
                55.57          4.86        1.9203    1   1   2         2
                56.03          1.22        1.9058   -1  -4   1         2
                56.25          2.27        1.8990    2  -1   2         2
                56.40          1.55        1.8944   -4   1   1         2
                56.73          1.03        1.8840    0   2   2         2
                57.55          2.18        1.8597   -2  -2   2         2
                57.86          1.39        1.8505   -1  -3   2         2
                58.52          2.02        1.8314   -4   0   1         2
                58.80          4.18        1.8234   -3   0   2         2
                59.46          2.85        1.8049    2  -3   2         2
================================================================================
       XPOW Copyright 1993 Bob Downs, Ranjini Swaminathan and Kurt Bartelmehs
  For reference, see Downs et al. (1993) American Mineralogist 78, 1104-1107.