      Mountainite
      Zubkova N V, Pekov I V, Pushcharovsky D Y, Chukanov N V
      Zeitschrift fur Kristallographie 224 (2009) 389-396
      The crystal structure and refined formula of mountainite, KNa2Ca2[Si8O19(OH)]*6H2O
      Locality: Yubileinaya pegmatite, Lovozero alkaline complex, Kola Peninsula, Russia
      _database_code_amcsd 0011131
      CELL PARAMETERS:  13.7040  6.5760 13.7510   90.000  105.752   90.000
      SPACE GROUP: P2/c      
      X-RAY WAVELENGTH:     1.790290
      Cell Volume:   1192.668
      Density (g/cm3):      2.269
      MAX. ABS. INTENSITY / VOLUME**2:      5.027598100    
      RIR:      1.034
      RIR based on corundum from Acta Crystallographica A38 (1982) 733-739
               2-THETA      INTENSITY    D-SPACING   H   K   L   Multiplicity
                 7.78        100.00       13.1894    1   0   0         2
                15.39         33.65        6.6868   -1   0   2         2
                15.55          1.04        6.6173    0   0   2         2
                15.60         19.77        6.5947    2   0   0         2
                15.65         20.42        6.5760    0   1   0         2
                17.49          3.03        5.8891    0   1   1         4
                17.50          2.19        5.8851    1   1   0         4
                18.83          4.35        5.4727   -2   0   2         2
                19.23         13.85        5.3601    1   0   2         2
                20.02          2.64        5.1507    1   1   1         4
                22.01         10.78        4.6886   -1   1   2         4
                22.04          2.49        4.6826   -2   1   1         4
                22.17         30.97        4.6565    2   1   0         4
                24.44          3.88        4.2292   -3   0   2         2
                24.57          1.40        4.2065   -2   1   2         4
                24.88         12.39        4.1547    1   1   2         4
                24.91          2.75        4.1505    2   1   1         4
                24.96          6.03        4.1425    2   0   2         2
                27.58          3.98        3.7549   -1   1   3         4
                27.65          6.57        3.7466   -3   1   1         4
                28.29          5.36        3.6635    0   1   3         4
                28.35          6.50        3.6549    3   1   0         4
                29.11          1.28        3.5615   -2   1   3         4
                29.15          4.54        3.5570   -3   1   2         4
                31.06          3.68        3.3434   -2   0   4         2
                31.08          3.53        3.3410    1   1   3         4
                31.14         11.13        3.3352    3   1   1         4
                31.14          2.75        3.3346   -4   0   2         2
                31.39          2.24        3.3086    0   0   4         2
                31.50         18.07        3.2973    4   0   0         2
                31.60          1.16        3.2880    0   2   0         2
                32.58          2.72        3.1910    0   2   1         4
                32.59         18.38        3.1903   -3   1   3         4
                33.03          1.72        3.1490   -1   2   1         4
                33.85          1.98        3.0750   -3   0   4         2
                34.28         32.26        3.0377   -4   1   1         4
                34.47          3.99        3.0215    1   0   4         2
                34.96         19.40        2.9803   -2   1   4         4
                35.03          1.37        2.9741   -4   1   2         4
                35.26         43.14        2.9556    0   1   4         4
                35.32         15.33        2.9506   -1   2   2         4
                35.34         18.16        2.9491   -2   2   1         4
                35.36         10.37        2.9476    4   1   0         4
                35.42         11.77        2.9425    2   2   0         4
                35.53         32.50        2.9340    2   1   3         4
                35.56          3.85        2.9315    3   1   2         4
                37.25         12.29        2.8027    1   2   2         4
                37.49         16.16        2.7855   -3   1   4         4
                37.53         11.68        2.7825   -4   1   3         4
                38.06          1.09        2.7455    1   1   4         4
                38.19          8.75        2.7363   -4   0   4         2
                39.02          1.67        2.6800    2   0   4         2
                39.23          1.36        2.6668   -3   2   1         4
                39.70          1.38        2.6363    0   2   3         4
                39.75          8.86        2.6331    3   2   0         4
                40.32          5.41        2.5975   -2   2   3         4
                40.34          2.61        2.5958   -3   2   2         4
                41.16          1.91        2.5463    3   1   3         4
                41.55          2.46        2.5238   -5   1   1         4
                41.77          2.48        2.5113   -5   1   2         4
                41.82          2.10        2.5081    1   2   3         4
                42.89          2.17        2.4482    5   1   0         4
                43.70          5.05        2.4053   -5   0   4         2
                44.27          2.20        2.3759   -1   2   4         4
                44.90          2.50        2.3443   -2   2   4         4
                44.96          1.99        2.3413   -4   2   2         4
                45.22          1.95        2.3283    4   2   0         4
                45.38          2.58        2.3203    3   2   2         4
                45.57          3.37        2.3115    1   1   5         4
                45.69          6.22        2.3057    5   1   1         4
                46.25          1.05        2.2795   -6   0   2         2
                46.65          1.10        2.2609   -4   1   5         4
                47.67          2.11        2.2151    4   1   3         4
                47.89          2.13        2.2058    0   0   6         2
                49.22          2.26        2.1493   -1   3   1         4
                50.09          1.83        2.1147    3   2   3         4
                50.09          1.31        2.1146   -6   0   4         2
                50.18          2.73        2.1110   -3   1   6         4
                50.38          1.16        2.1033   -4   2   4         4
                50.96          1.40        2.0808    0   3   2         4
                50.98          1.01        2.0801    2   3   0         4
                51.05          1.50        2.0774    2   2   4         4
                51.06          1.30        2.0770   -5   1   5         4
                51.46          1.10        2.0618    0   2   5         4
                51.58          1.83        2.0575    5   2   0         4
                52.37          1.16        2.0284    2   3   1         4
                53.85          3.12        1.9767   -1   3   3         4
                54.26          9.47        1.9630    0   3   3         4
                54.30          1.72        1.9617    3   3   0         4
                54.42          2.54        1.9575   -7   0   2         2
                54.86          3.89        1.9430    5   1   3         4
                54.88          3.13        1.9426   -4   2   5         4
                55.11          1.10        1.9349    6   0   2         2
                55.76          2.07        1.9142    3   2   4         4
                56.80          4.56        1.8820   -2   1   7         4
                56.90          2.10        1.8790   -3   3   3         4
                57.53          1.54        1.8602    2   1   6         4
                57.73          1.68        1.8542   -7   1   3         4
                58.00          2.60        1.8463   -4   3   1         4
                58.51          1.06        1.8317   -4   3   2         4
                58.66          4.26        1.8274    6   2   0         4
                59.03          3.05        1.8170    0   1   7         4
                59.55          1.60        1.8026   -4   1   7         4
                59.69          1.50        1.7988   -7   1   4         4
================================================================================
       XPOW Copyright 1993 Bob Downs, Ranjini Swaminathan and Kurt Bartelmehs
  For reference, see Downs et al. (1993) American Mineralogist 78, 1104-1107.