      Nontronite
      Dainyak L G, Zviagina B B, Rusakov V S, Drits V A
      European Journal of Mineralogy 18 (2006) 753-764
      Interpretation of the nontonite-dehydroxylate Mossbauer spectrum using EFG calculations
      Locality: Garfield, Washington, USA
      Sample: Model 2
      _database_code_amcsd 0007181
      CELL PARAMETERS:   5.2770  9.1400  9.6000   90.000   90.000   90.000
      SPACE GROUP: P1        
      X-RAY WAVELENGTH:     1.790290
      Cell Volume:    463.025
      Density (g/cm3):      2.823
      MAX. ABS. INTENSITY / VOLUME**2:      11.65022690    
      RIR:      1.927
      RIR based on corundum from Acta Crystallographica A38 (1982) 733-739
               2-THETA      INTENSITY    D-SPACING   H   K   L   Multiplicity
                10.70         91.13        9.6000    0   0   1         1
                22.59         36.03        4.5700    1   1   0         1
                22.59         36.03        4.5700   -1   1   0         1
                22.59         26.26        4.5700    0   2   0         1
                25.06         11.07        4.1263   -1  -1   1         1
                25.06         32.30        4.1263    1   1   1         1
                25.06         11.07        4.1263   -1   1   1         1
                25.06         32.30        4.1263    1  -1   1         1
                25.06          6.63        4.1263    0  -2   1         1
                25.06          6.63        4.1263    0   2   1         1
                31.38          3.58        3.3098   -1  -1   2         1
                31.38          3.58        3.3098   -1   1   2         1
                31.38          2.73        3.3098    1  -1   2         1
                31.38          2.73        3.3098    1   1   2         1
                31.38         10.53        3.3098    0  -2   2         1
                31.38         10.53        3.3098    0   2   2         1
                32.49         68.17        3.2000    0   0   3         1
                39.66          2.17        2.6385    2   0   0         1
                39.94          4.14        2.6213   -1  -1   3         1
                39.94          4.14        2.6213   -1   1   3         1
                39.94          1.92        2.6213    1  -1   3         1
                39.94          1.92        2.6213    1   1   3         1
                39.94          1.94        2.6213    0   2   3         1
                39.94          1.94        2.6213    0  -2   3         1
                41.20         24.62        2.5442    2   0   1         1
                41.20         19.55        2.5442   -1  -3   1         1
                41.20         19.55        2.5442   -1   3   1         1
                43.80          1.61        2.4000    0   0   4         1
                45.55         10.44        2.3122    2   0   2         1
                45.55          5.08        2.3122   -2   0   2         1
                45.55          6.67        2.3122    1   3   2         1
                45.55         12.35        2.3122   -1  -3   2         1
                45.55          6.67        2.3122    1  -3   2         1
                45.55         12.35        2.3122   -1   3   2         1
                46.13          1.12        2.2850    0   4   0         1
                47.49          1.52        2.2229    2  -2   1         1
                47.49          1.52        2.2229    2   2   1         1
                49.83          2.68        2.1248    1  -1   4         1
                49.83          2.68        2.1248    1   1   4         1
                51.43          1.71        2.0632    2   2   2         1
                51.43          3.52        2.0632   -2  -2   2         1
                51.43          3.52        2.0632   -2   2   2         1
                51.43          1.71        2.0632    2  -2   2         1
                51.43          1.02        2.0632    0   4   2         1
                51.43          1.02        2.0632    0  -4   2         1
                52.17          1.46        2.0357    2   0   3         1
                52.17          4.27        2.0357   -2   0   3         1
                52.17          4.41        2.0357    1  -3   3         1
                52.17          1.28        2.0357   -1   3   3         1
                52.17          4.41        2.0357    1   3   3         1
                52.17          1.28        2.0357   -1  -3   3         1
                57.55          2.47        1.8596    0   4   3         1
                57.55          2.47        1.8596    0  -4   3         1
================================================================================
       XPOW Copyright 1993 Bob Downs, Ranjini Swaminathan and Kurt Bartelmehs
  For reference, see Downs et al. (1993) American Mineralogist 78, 1104-1107.