      Nordgauite
      Birch W D, Grey I E, Mills S J, Pring A, Bougerol C, Ribabldi-Tunnicliffe A,
      Wilson N C, Keck E
      Mineralogical Magazine 75 (2011) 269-278
      Nordgauite, MnAl2(PO4)2(F,OH)2*5H2O, a new mineral from the Hagendorf-Sud
      pegmatite, Bavaria, Germany: description and crystal structure
      Locality: the Hagendorf-Sud pegmatite, Bavaria, Germany
      _database_code_amcsd 0018376
      CELL PARAMETERS:   9.8870  9.7960  6.0540   92.700   99.830   97.100
      SPACE GROUP: P-1       
      X-RAY WAVELENGTH:     1.790290
      Cell Volume:    571.913
      Density (g/cm3):      2.472
      MAX. ABS. INTENSITY / VOLUME**2:      12.84333800    
      RIR:      2.426
      RIR based on corundum from Acta Crystallographica A38 (1982) 733-739
               2-THETA      INTENSITY    D-SPACING   H   K   L   Multiplicity
                10.59        100.00        9.6972    0   1   0         2
                10.64          8.82        9.6543    1   0   0         2
                13.99         46.49        7.3510   -1   1   0         2
                16.02          1.82        6.4255    1   1   0         2
                18.65          1.33        5.5242   -1   0   1         2
                19.68          1.39        5.2373    0  -1   1         2
                20.96          7.73        4.9211    0   1   1         2
                21.39          3.11        4.8244   -1   1   1         2
                21.61          4.20        4.7758   -1  -1   1         2
                22.58          9.00        4.5722   -2   1   0         2
                23.22          2.45        4.4486    1  -1   1         2
                25.11          3.84        4.1176    1   2   0         2
                25.17         10.50        4.1077    2   1   0         2
                25.56          4.35        4.0462    1   1   1         2
                26.61          5.80        3.8898   -2   1   1         2
                28.19          3.46        3.6755   -2   2   0         2
                28.50          1.46        3.6366    0   2   1         2
                28.61          1.44        3.6230   -1  -2   1         2
                29.99          5.67        3.4594    2   0   1         2
                30.45          2.86        3.4088    2  -1   1         2
                32.36          8.71        3.2128    2   2   0         2
                32.52          4.57        3.1966   -1   3   0         2
                33.28          2.04        3.1261    2   1   1         2
                33.92          1.45        3.0686   -3   0   1         2
                34.20          2.18        3.0445   -2  -2   1         2
                35.34         17.70        2.9487    1   3   0         2
                35.46          1.83        2.9391    3   1   0         2
                35.61          3.60        2.9273    0  -3   1         2
                35.94          3.62        2.9018    0  -1   2         2
                36.43         15.00        2.8635   -3   2   0         2
                36.73          8.77        2.8409   -1   1   2         2
                36.91          2.16        2.8278    1  -3   1         2
                37.42          6.06        2.7904    0   1   2         2
                37.63          2.19        2.7757   -1  -3   1         2
                37.82          4.88        2.7621   -2   0   2         2
                39.51          1.66        2.6482   -2  -1   2         2
                39.58          1.76        2.6440    3  -1   1         2
                39.63          2.84        2.6407    3   0   1         2
                39.98          6.42        2.6186    0  -2   2         2
                40.55          2.70        2.5831   -1  -2   2         2
                41.19          2.40        2.5448    1   1   2         2
                41.66          2.63        2.5175   -1   2   2         2
                42.56          1.76        2.4667   -2  -3   1         2
                42.85          1.31        2.4503   -3   3   0         2
                43.43          1.56        2.4192   -4   1   0         2
                44.74          1.32        2.3520    2  -1   2         2
                47.96          1.16        2.2025    3  -3   1         2
                48.18          1.02        2.1931    3   2   1         2
                50.03          1.74        2.1168    0   3   2         2
                50.15          1.24        2.1122   -2   3   2         2
                51.21          3.68        2.0713   -4   3   0         2
                51.97          1.45        2.0432    4  -2   1         2
                53.43          1.68        1.9911   -4  -1   2         2
                53.47          1.31        1.9899   -1  -1   3         2
                54.30          1.52        1.9616   -2   0   3         2
                54.74          2.28        1.9471    0  -4   2         2
                55.24          2.73        1.9309    5   0   0         2
                55.32          1.17        1.9282   -2  -1   3         2
                55.39          1.25        1.9260    3  -4   1         2
                55.67          1.69        1.9171    3   3   1         2
                56.57          1.17        1.8892   -2   5   0         2
                56.93          1.05        1.8781    1   0   3         2
                57.01          1.42        1.8756   -5   2   1         2
                58.82          2.40        1.8228   -3  -4   1         2
                59.17          1.27        1.8130    1   1   3         2
                59.23          1.34        1.8115   -2  -4   2         2
================================================================================
       XPOW Copyright 1993 Bob Downs, Ranjini Swaminathan and Kurt Bartelmehs
  For reference, see Downs et al. (1993) American Mineralogist 78, 1104-1107.