      Pectolite
      Prewitt C T
      Zeitschrift fur Kristallographie 125 (1967) 298-316
      Refinement of the structure of pectolite, Ca2NaHSi3O9
      Locality: Erie railroad cut, Bergen Hill, New Jersey, USA
      _database_code_amcsd 0010648
      CELL PARAMETERS:   7.9880  7.0400  7.0250   90.520   95.180  102.470
      SPACE GROUP: P-1       
      X-RAY WAVELENGTH:     1.790290
      Cell Volume:    383.994
      Density (g/cm3):      2.874
      MAX. ABS. INTENSITY / VOLUME**2:      4.691946956    
      RIR:      0.762
      RIR based on corundum from Acta Crystallographica A38 (1982) 733-739
               2-THETA      INTENSITY    D-SPACING   H   K   L   Multiplicity
                13.24          4.63        7.7647    1   0   0         2
                14.71          6.92        6.9933    0   0   1         2
                17.72          1.25        5.8115   -1   1   0         2
                18.87         10.03        5.4592   -1   0   1         2
                22.12          2.65        4.6662    1   1   0         2
                22.57          2.54        4.5739   -1   1   1         2
                25.69          8.22        4.0268   -1  -1   1         2
                26.66         20.16        3.8823    2   0   0         2
                27.64          3.37        3.7474   -2   1   0         2
                29.67         19.51        3.4966    0   0   2         2
                30.21          1.24        3.4355    0   2   0         2
                30.26          1.49        3.4300   -1   2   0         2
                30.42         10.23        3.4116   -2   1   1         2
                31.41         45.32        3.3074   -1   0   2         2
                31.82         34.98        3.2659    2   0   1         2
                32.44          1.02        3.2043    2  -1   1         2
                32.98         27.38        3.1540    0  -1   2         2
                33.35          4.26        3.1200    0  -2   1         2
                33.53          6.19        3.1032    2   1   0         2
                33.63          4.14        3.0948   -1   2   1         2
                33.78         58.28        3.0811    1   0   2         2
                33.79         18.84        3.0800    0   1   2         2
                34.03         20.49        3.0587   -1   1   2         2
                35.49          5.48        2.9372    1  -1   2         2
                35.52          3.36        2.9347   -2  -1   1         2
                35.76        100.00        2.9157    1   2   0         2
                35.87          3.55        2.9073   -1  -1   2         2
                35.88         98.94        2.9057   -2   2   0         2
                37.98          8.78        2.7508   -1  -2   1         2
                38.29         21.25        2.7296   -2   0   2         2
                38.31          9.52        2.7280   -2   2   1         2
                40.00          6.91        2.6173   -3   1   0         2
                40.47         24.52        2.5882    3   0   0         2
                42.18          1.68        2.4874    0  -2   2         2
                42.24          1.02        2.4841    2   0   2         2
                42.57          1.24        2.4658    2  -1   2         2
                42.61          1.03        2.4639   -1   2   2         2
                43.16         15.15        2.4336    1  -2   2         2
                43.51         14.25        2.4154    0   2   2         2
                44.66          1.89        2.3559    3   0   1         2
                45.12          8.55        2.3331    2   2   0         2
                45.16          4.68        2.3311    0   0   3         2
                45.30          8.56        2.3246   -3   2   0         2
                45.62          4.22        2.3090   -1  -2   2         2
                45.95         27.24        2.2931   -1   0   3         2
                46.09          3.67        2.2870   -2   2   2         2
                46.56          5.57        2.2649    3   1   0         2
                47.39          1.60        2.2275    0  -1   3         2
                47.45          2.55        2.2250    2   1   2         2
                47.66          2.14        2.2155   -3  -1   1         2
                48.46          8.01        2.1812   -3   0   2         2
                48.86         15.16        2.1643    3  -2   1         2
                48.87         14.60        2.1639    2   2   1         2
                49.02          3.46        2.1579    0   3   1         2
                50.79          2.75        2.0874   -2   0   3         2
                51.05          2.80        2.0772    2  -3   1         2
                51.79          1.68        2.0497   -2   1   3         2
                52.74          1.95        2.0154    3  -1   2         2
                52.80          4.13        2.0134   -2  -2   2         2
                53.27          3.61        1.9966   -3   2   2         2
                53.40          3.95        1.9923    3   0   2         2
                53.63          4.41        1.9845   -4   1   0         2
                54.47          1.36        1.9558    0  -2   3         2
                54.50          1.32        1.9549   -4   1   1         2
                54.69          2.35        1.9487   -2  -1   3         2
                54.78          2.41        1.9457    1  -3   2         2
                54.89          1.18        1.9422    0  -3   2         2
                54.92          1.64        1.9412    4   0   0         2
                54.98          1.31        1.9392   -1   2   3         2
                55.65          3.34        1.9177   -4   0   1         2
                55.67          1.56        1.9170    1  -2   3         2
                56.11          1.76        1.9032    0   2   3         2
                56.52          4.64        1.8906    0   3   2         2
                56.86          4.36        1.8803    3  -2   2         2
                56.90          3.77        1.8790   -2   3   2         2
                56.97          2.44        1.8769   -1  -2   3         2
                57.02          4.05        1.8754    2   2   2         2
                57.52          2.90        1.8604   -2   2   3         2
                58.33          3.38        1.8368    2  -3   2         2
                58.63          7.53        1.8282   -1  -3   2         2
                58.69          4.21        1.8265    4   0   1         2
                58.72          2.71        1.8256    3   1   2         2
                58.97          1.54        1.8186   -3   1   3         2
================================================================================
       XPOW Copyright 1993 Bob Downs, Ranjini Swaminathan and Kurt Bartelmehs
  For reference, see Downs et al. (1993) American Mineralogist 78, 1104-1107.