      Pigeonite
      Morimoto N, Appleman D E, Evans H T
      Zeitschrift fur Kristallographie 114 (1960) 120-147
      The crystal structures of clinoenstatite and pigeonite
      Locality: Asio Mine, Japan
      _database_code_amcsd 0010588
      CELL PARAMETERS:   9.7310  8.9530  5.2560   90.000   71.450   90.000
      SPACE GROUP: P2_1/c    
      X-RAY WAVELENGTH:     1.790290
      Cell Volume:    434.121
      Density (g/cm3):      3.660
      MAX. ABS. INTENSITY / VOLUME**2:      8.919948463    
      RIR:      1.138
      RIR based on corundum from Acta Crystallographica A38 (1982) 733-739
               2-THETA      INTENSITY    D-SPACING   H   K   L   Multiplicity
                16.02          3.83        6.4249    1   1   0         4
                22.38         17.79        4.6127    2   0   0         2
                23.25         16.06        4.4430    1   1   1         4
                23.73          3.54        4.3540    0   1   1         4
                30.81          1.18        3.3694    1   2   1         4
                31.19         13.51        3.3301    0   2   1         4
                32.36         51.67        3.2124    2   2   0         4
                34.46        100.00        3.0221    2   2   1         4
                35.46          1.32        2.9390   -1   2   1         4
                35.66         44.75        2.9238    3   1   1         4
                35.85         46.46        2.9084    3   1   0         4
                39.88          1.10        2.6246    1   0   2         2
                40.64         40.46        2.5780    1   3   1         4
                40.93          1.52        2.5603    0   3   1         4
                41.64          1.59        2.5186    1   1   2         4
                42.11         60.15        2.4915    0   0   2         2
                42.62         26.96        2.4629   -2   2   1         4
                43.57          2.99        2.4121    2   3   1         4
                44.40          7.71        2.3693   -1   3   1         4
                47.15          1.55        2.2383    0   4   0         2
                47.20         14.95        2.2360   -3   1   1         4
                47.26          2.48        2.2331   -1   0   2         2
                47.53          2.51        2.2215    2   2   2         4
                48.56          6.36        2.1770    0   2   2         4
                48.80         10.10        2.1667   -1   1   2         4
                49.26         37.88        2.1478    3   3   1         4
                49.41          2.84        2.1416    3   3   0         4
                49.99          8.00        2.1185    4   2   1         4
                51.28          1.34        2.0686    3   2   2         4
                51.77          4.83        2.0502    4   2   0         4
                51.83         13.87        2.0482    4   0   2         2
                52.01         10.06        2.0417    0   4   1         4
                52.79          5.22        2.0137    2   4   0         4
                54.22          4.60        1.9642    2   4   1         4
                54.70          9.84        1.9482   -2   0   2         2
                57.11          1.41        1.8726    4   3   1         4
                58.70          5.47        1.8263   -3   3   1         4
                59.39          2.49        1.8071    5   1   0         4
================================================================================
       XPOW Copyright 1993 Bob Downs, Ranjini Swaminathan and Kurt Bartelmehs
  For reference, see Downs et al. (1993) American Mineralogist 78, 1104-1107.