      Pigeonite
      Domeneghetti M C, Zema M, Tazzoli V
      American Mineralogist 90 (2005) 1816-1823
      Kinetics of Fe2+-Mg order-disorder in P2_1/c pigeonite
      Locality: Parana, Brazil
      Sample: N.13, untreated
      _database_code_amcsd 0003978
      CELL PARAMETERS:   9.7060  8.9400  5.2460   90.000  108.504   90.000
      SPACE GROUP: P2_1/c    
      X-RAY WAVELENGTH:     1.790290
      Cell Volume:    431.671
      Density (g/cm3):      3.551
      MAX. ABS. INTENSITY / VOLUME**2:      8.153549522    
      RIR:      1.072
      RIR based on corundum from Acta Crystallographica A38 (1982) 733-739
               2-THETA      INTENSITY    D-SPACING   H   K   L   Multiplicity
                16.05          2.14        6.4129    1   1   0         4
                22.43         11.05        4.6021    2   0   0         2
                23.29         12.68        4.4342   -1   1   1         4
                23.77          3.81        4.3471    0   1   1         4
                29.07          1.37        3.5672    1   1   1         4
                30.87          1.62        3.3634   -1   2   1         4
                31.24         16.84        3.3250    0   2   1         4
                32.42         53.79        3.2065    2   2   0         4
                34.53        100.00        3.0159   -2   2   1         4
                35.75         42.70        2.9165   -3   1   1         4
                35.93         45.89        2.9019    3   1   0         4
                40.70         46.25        2.5738   -1   3   1         4
                40.99          1.88        2.5564    0   3   1         4
                42.18         49.76        2.4874    0   0   2         2
                42.70         26.79        2.4589    2   2   1         4
                43.65          4.49        2.4077   -2   3   1         4
                44.47          3.11        2.3657    1   3   1         4
                47.29         14.48        2.2319    3   1   1         4
                47.34          3.54        2.2296    1   0   2         2
                47.63          2.53        2.2171   -2   2   2         4
                48.64          5.20        2.1735    0   2   2         4
                48.88          7.96        2.1634    1   1   2         4
                49.37         37.13        2.1434   -3   3   1         4
                49.51          3.06        2.1376    3   3   0         4
                50.12          7.45        2.1135   -4   2   1         4
                51.40          1.91        2.0640   -3   2   2         4
                51.89          3.72        2.0459    4   2   0         4
                51.97         14.90        2.0430   -4   0   2         2
                52.09         10.73        2.0387    0   4   1         4
                52.88          5.16        2.0105    2   4   0         4
                53.42          1.20        1.9916   -4   1   2         4
                54.32          3.77        1.9608   -2   4   1         4
                54.80         10.61        1.9452    2   0   2         2
                57.25          1.58        1.8685   -4   3   1         4
                58.81          2.99        1.8232    3   3   1         4
                59.53          3.58        1.8030    5   1   0         4
================================================================================
       XPOW Copyright 1993 Bob Downs, Ranjini Swaminathan and Kurt Bartelmehs
  For reference, see Downs et al. (1993) American Mineralogist 78, 1104-1107.