      Schubnelite
      Schindler M, Hawthorne F C
      American Mineralogist 84 (1999) 665-668
      Schubnelite, [Fe(VO4)(H2O)], a novel heteropolyhedral framework mineral
      _database_code_amcsd 0002221
      CELL PARAMETERS:   5.4660  5.6750  6.6100  101.020   95.100  107.310
      SPACE GROUP: P-1       
      X-RAY WAVELENGTH:     1.790290
      Cell Volume:    189.804
      Density (g/cm3):      3.303
      MAX. ABS. INTENSITY / VOLUME**2:      14.07462733    
      RIR:      1.989
      RIR based on corundum from Acta Crystallographica A38 (1982) 733-739
               2-THETA      INTENSITY    D-SPACING   H   K   L   Multiplicity
                16.06         19.65        6.4091    0   0   1         2
                19.54          9.58        5.2742    0   1   0         2
                20.00         34.02        5.1549    1   0   0         2
                22.32         10.99        4.6248    0  -1   1         2
                23.07        100.00        4.4760   -1   1   0         2
                27.68          2.97        3.7426    1   0   1         2
                28.15          1.51        3.6802    0   1   1         2
                29.03          3.71        3.5718   -1   1   1         2
                32.42         33.15        3.2067    1   1   0         2
                32.44         70.45        3.2046    0   0   2         2
                32.66         34.91        3.1841   -1  -1   1         2
                33.93         16.79        3.0679    0  -1   2         2
                38.27         19.66        2.7308   -1   2   0         2
                39.00          3.45        2.6817    1  -1   2         2
                39.01         34.36        2.6808   -2   1   0         2
                39.25          3.86        2.6652    1  -2   1         2
                39.29          9.27        2.6625    0  -2   1         2
                39.69          4.21        2.6371    0   2   0         2
                39.79         17.32        2.6302    1   1   1         2
                40.39         14.68        2.5931   -1  -1   2         2
                40.64          4.46        2.5775    2   0   0         2
                41.35         12.38        2.5356   -1   1   2         2
                46.60          5.55        2.2633    0   2   1         2
                46.71          8.98        2.2579    1  -2   2         2
                47.15          5.14        2.2380   -2   2   0         2
                48.47          2.83        2.1809   -2   0   2         2
                49.14          5.56        2.1529    2  -2   1         2
                49.24          4.59        2.1486   -1  -2   1         2
                49.54         12.25        2.1364    0   0   3         2
                50.34          1.49        2.1045   -2  -1   1         2
                50.36          2.63        2.1038   -2   1   2         2
                50.67          2.92        2.0921   -1   0   3         2
                50.70          5.40        2.0908    1   2   0         2
                51.30          2.59        2.0681    2   1   0         2
                52.08          1.05        2.0390    1   1   2         2
                52.84          6.50        2.0117    2  -1   2         2
                52.89          1.72        2.0102   -1  -1   3         2
                55.08          3.30        1.9360   -1   2   2         2
                56.70          4.31        1.8852   -1   1   3         2
                57.09          2.33        1.8732    1   0   3         2
                57.16          1.57        1.8713    2   0   2         2
                57.70          2.14        1.8553    2   1   1         2
================================================================================
       XPOW Copyright 1993 Bob Downs, Ranjini Swaminathan and Kurt Bartelmehs
  For reference, see Downs et al. (1993) American Mineralogist 78, 1104-1107.