      Sincosite
      Franke W A, Luger P, Weber M, Ivanova T I
      Zapiski Vserossijskogo Mineralogicheskogo Obshchestva 126N2 (1997) 85-86
      Low hydrothermal growth of sincosite Ca(VO/PO4)2*4H2O
      Locality: synthetic
      _database_code_amcsd 0015719
      CELL PARAMETERS:   6.3540  6.3290  6.5980  106.720   94.100   90.060
      SPACE GROUP: P1        
      X-RAY WAVELENGTH:     1.790290
      Cell Volume:    253.402
      Density (g/cm3):      2.856
      MAX. ABS. INTENSITY / VOLUME**2:      8.562012828    
      RIR:      1.399
      RIR based on corundum from Acta Crystallographica A38 (1982) 733-739
               2-THETA      INTENSITY    D-SPACING   H   K   L   Multiplicity
                16.24          8.46        6.3361    1   0   0         1
                16.33        100.00        6.3013    0   0   1         1
                16.99         13.28        6.0599    0   1   0         1
                19.91         11.09        5.1774    0  -1   1         1
                22.22          4.68        4.6455   -1   0   1         1
                23.32          2.18        4.4297   -1   1   0         1
                23.86          1.65        4.3307    1   1   0         1
                23.98         22.82        4.3093    1   0   1         1
                25.25          2.71        4.0949   -1  -1   1         1
                26.90         14.08        3.8482    0   1   1         1
                32.50         13.83        3.1985    0  -1   2         1
                32.83         38.52        3.1681    2   0   0         1
                33.01         26.64        3.1506    0   0   2         1
                33.54         34.31        3.1025    0  -2   1         1
                34.37         44.99        3.0299    0   2   0         1
                35.55          1.03        2.9320   -1  -1   2         1
                35.71         33.86        2.9197   -2   0   1         1
                35.84         10.15        2.9094   -1   0   2         1
                37.54          5.57        2.7818    2   1   0         1
                37.69          4.04        2.7714    1  -2   1         1
                37.88          7.04        2.7579   -1   2   0         1
                37.93          5.73        2.7546   -2  -1   1         1
                38.01         23.63        2.7490    2   0   1         1
                38.13          2.53        2.7404    1   0   2         1
                38.58          1.01        2.7097    1   2   0         1
                40.46         12.09        2.5887    0  -2   2         1
                41.71          7.42        2.5142    0   1   2         1
                42.55          3.85        2.4668    0   2   1         1
                43.18          2.31        2.4327   -1  -2   2         1
                44.25          3.43        2.3767    2   1   1         1
                44.55          4.41        2.3617    1  -2   2         1
                45.05          3.83        2.3368   -1   2   1         1
                45.25          2.77        2.3267   -2  -1   2         1
                45.34          4.05        2.3227   -2   0   2         1
                47.29          7.98        2.2320   -2  -2   1         1
                47.68          2.54        2.2149   -2   2   0         1
                47.98          6.13        2.2016    2  -2   1         1
                48.26          4.15        2.1897    0  -1   3         1
                48.44          1.04        2.1819    2  -1   2         1
                48.84          1.63        2.1654    2   2   0         1
                50.15          1.03        2.1120    3   0   0         1
                50.45         10.52        2.1004    0   0   3         1
                51.80          5.93        2.0494   -3   0   1         1
                51.85          1.63        2.0474   -2  -2   2         1
                52.06          3.04        2.0399   -1   0   3         1
                52.43          1.63        2.0263    1  -1   3         1
                52.61          5.01        2.0200    0   3   0         1
                52.93          5.26        2.0086   -3   1   0         1
                53.13          4.65        2.0015   -1  -3   1         1
                53.18          4.97        1.9997    1  -3   1         1
                53.38          5.51        1.9931   -2   2   1         1
                53.74          7.29        1.9805    3   1   0         1
                53.77          4.65        1.9797    0  -3   2         1
                54.39          2.05        1.9588    3   0   1         1
                54.64          5.98        1.9505    1   0   3         1
                55.04          2.39        1.9373   -1   3   0         1
                56.02          2.39        1.9062    2   1   2         1
                56.13          4.78        1.9028    2   2   1         1
                56.41          2.76        1.8941    1  -2   3         1
                56.99          1.49        1.8763    1  -3   2         1
                57.11          2.78        1.8727   -1   2   2         1
                57.42          4.25        1.8633   -2  -1   3         1
                58.64          1.42        1.8281    0   1   3         1
                58.98          3.11        1.8185   -3   0   2         1
================================================================================
       XPOW Copyright 1993 Bob Downs, Ranjini Swaminathan and Kurt Bartelmehs
  For reference, see Downs et al. (1993) American Mineralogist 78, 1104-1107.