      Sursassite
      Hatert F, Fransolet A M, Wouters J, Bernhardt H J
      European Journal of Mineralogy 20 (2008) 993-998
      The crystal structure of sursassite from the Lienne Valley,
      Stavelot Massif, Belgium
      Locality: Lienne syncline, Stravelot Massif, Belgium
      _database_code_amcsd 0007270
      CELL PARAMETERS:   8.6970  5.7870  9.7690   90.000  108.910   90.000
      SPACE GROUP: P2_1/m    
      X-RAY WAVELENGTH:     1.790290
      Cell Volume:    465.133
      Density (g/cm3):      3.448
      MAX. ABS. INTENSITY / VOLUME**2:      5.319795583    
      RIR:      0.720
      RIR based on corundum from Acta Crystallographica A38 (1982) 733-739
               2-THETA      INTENSITY    D-SPACING   H   K   L   Multiplicity
                11.12          6.03        9.2418    0   0   1         2
                13.78          1.53        7.4626   -1   0   1         2
                21.78          2.69        4.7374   -1   0   2         2
                22.34          2.10        4.6209    0   0   2         2
                22.58         85.89        4.5731   -1   1   1         4
                23.96         23.45        4.3133   -2   0   1         2
                25.14         16.02        4.1138    2   0   0         2
                26.36          3.21        3.9264    1   1   1         4
                27.76         44.16        3.7313   -2   0   2         2
                28.27          6.50        3.6658   -1   1   2         4
                28.71          3.51        3.6110    0   1   2         4
                29.08          8.46        3.5657    1   0   2         2
                30.77          5.94        3.3739    2   0   1         2
                31.96          3.14        3.2517   -1   0   3         2
                33.17          9.84        3.1360   -2   1   2         4
                34.30          8.69        3.0357    1   1   2         4
                35.08          4.61        2.9706   -2   0   3         2
                35.77          2.61        2.9147    2   1   1         4
                35.99         22.58        2.8978   -3   0   1         2
                36.04         25.60        2.8935    0   2   0         2
                36.81        100.00        2.8349   -1   1   3         4
                37.45          5.49        2.7881   -3   0   2         2
                37.83         10.90        2.7613    0   2   1         4
                38.10          6.59        2.7425    3   0   0         2
                38.29         11.95        2.7296    1   2   0         4
                38.76         13.21        2.6978   -1   2   1         4
                39.14         43.41        2.6724    2   0   2         2
                39.60          5.24        2.6428   -2   1   3         4
                39.96          1.52        2.6196    1   0   3         2
                40.42         51.50        2.5911   -3   1   1         4
                41.19          8.26        2.5446    1   2   1         4
                41.76          2.32        2.5118   -3   1   2         4
                42.35          4.17        2.4783    3   1   0         4
                42.51          2.99        2.4693   -1   2   2         4
                42.82         42.56        2.4524    0   2   2         4
                43.30          5.69        2.4262    2   1   2         4
                43.74          8.57        2.4029   -2   2   1         4
                44.06         43.94        2.3865    1   1   3         4
                44.45          8.93        2.3667    2   2   0         4
                46.09         18.18        2.2865   -2   2   2         4
                46.12         25.51        2.2853   -3   1   3         4
                46.93          3.77        2.2481   -1   1   4         4
                47.21          4.62        2.2355    3   1   1         4
                48.10          4.40        2.1964    2   2   1         4
                48.92         11.72        2.1618   -4   0   1         2
                48.93          1.17        2.1616   -1   2   3         4
                49.05          3.95        2.1567   -4   0   2         2
                49.12         16.71        2.1536    2   0   3         2
                50.23         20.43        2.1091    0   2   3         4
                51.17         23.45        2.0727   -2   2   3         4
                51.59          7.20        2.0569    4   0   0         2
                51.85          6.30        2.0475   -3   2   1         4
                52.47          4.04        2.0251   -4   1   1         4
                52.58          2.66        2.0209   -4   1   2         4
                52.65          2.85        2.0184    2   1   3         4
                52.93          5.88        2.0086   -3   1   4         4
                54.25         10.87        1.9632    2   2   2         4
                54.40          1.92        1.9582    3   1   2         4
                56.78          3.77        1.8826    4   0   1         2
                57.28          6.14        1.8676   -1   3   1         4
                57.93          1.26        1.8484    0   0   5         2
                58.15          3.43        1.8420   -1   1   5         4
                58.47          1.97        1.8329   -2   2   4         4
                58.48          1.57        1.8325   -3   0   5         2
                59.44         12.43        1.8055    0   2   4         4
================================================================================
       XPOW Copyright 1993 Bob Downs, Ranjini Swaminathan and Kurt Bartelmehs
  For reference, see Downs et al. (1993) American Mineralogist 78, 1104-1107.