      Tinsleyite
      Dick S
      Zeitschrift fur Naturforschung B54 (1999) 1385-1390
      Uber die struktur von synthetischem tinsleyit K[Al2(PO4)2(OH)(H2O)]*(H2O)
      Locality: synthetic
      _database_code_amcsd 0015845
      CELL PARAMETERS:   9.4990  9.5030  9.5350   90.000  103.260   90.000
      SPACE GROUP: P2_1/n    
      X-RAY WAVELENGTH:     1.790290
      Cell Volume:    837.768
      Density (g/cm3):      2.690
      MAX. ABS. INTENSITY / VOLUME**2:      2.916273709    
      RIR:      0.506
      RIR based on corundum from Acta Crystallographica A38 (1982) 733-739
               2-THETA      INTENSITY    D-SPACING   H   K   L   Multiplicity
                13.78         14.84        7.4615   -1   0   1         2
                15.50        100.00        6.6397    0   1   1         4
                15.53         26.12        6.6268    1   1   0         4
                17.43         22.56        5.9075    1   0   1         2
                17.55         83.80        5.8686   -1   1   1         4
                20.56          2.51        5.0171    1   1   1         4
                21.72          3.98        4.7515    0   2   0         2
                22.24         21.45        4.6404    0   0   2         2
                22.33         23.62        4.6229    2   0   0         2
                24.44          1.62        4.2294    0   2   1         4
                24.46         22.34        4.2261    1   2   0         4
                24.79          1.78        4.1698    0   1   2         4
                24.87          8.50        4.1571    2   1   0         4
                25.01         33.77        4.1338   -1   1   2         4
                25.07          8.99        4.1245   -2   1   1         4
                25.81         16.97        4.0079   -1   2   1         4
                27.77         12.17        3.7307   -2   0   2         2
                27.98         69.97        3.7025    1   2   1         4
                29.31          6.95        3.5377    1   1   2         4
                29.36          1.80        3.5318    2   1   1         4
                29.88         28.26        3.4727   -2   1   2         4
                31.35         16.13        3.3134    2   2   0         4
                31.46         20.33        3.3016   -1   2   2         4
                31.51          2.03        3.2968   -2   2   1         4
                33.03          6.20        3.1489   -3   0   1         2
                34.74         49.67        2.9985   -1   1   3         4
                34.75         18.80        2.9979    0   3   1         4
                34.76         11.05        2.9967    1   3   0         4
                34.85         13.04        2.9890   -3   1   1         4
                35.04         32.17        2.9732    1   2   2         4
                35.09         24.17        2.9697    2   2   1         4
                35.28          6.65        2.9538    2   0   2         2
                35.43          9.10        2.9416    0   1   3         4
                35.52         11.09        2.9343   -2   2   2         4
                35.56         20.62        2.9316    3   1   0         4
                35.76         14.10        2.9158   -1   3   1         4
                37.01         77.03        2.8207    2   1   2         4
                37.70         13.68        2.7705   -2   1   3         4
                37.77         38.46        2.7659   -3   1   2         4
                37.99          4.88        2.7501    1   0   3         2
                38.10          4.20        2.7428    3   0   1         2
                39.61          3.15        2.6417    1   1   3         4
                39.72          1.25        2.6352    3   1   1         4
                39.78         16.49        2.6312   -1   2   3         4
                39.88         15.22        2.6248   -3   2   1         4
                40.02          5.84        2.6162    0   3   2         4
                40.07          1.04        2.6131    2   3   0         4
                40.20         85.81        2.6049   -2   3   1         4
                40.40          8.90        2.5925    0   2   3         4
                41.81          9.70        2.5086    2   2   2         4
                42.19          5.99        2.4872   -3   0   3         2
                42.44          1.25        2.4731   -2   2   3         4
                43.15         25.45        2.4343    2   3   1         4
                43.52          1.39        2.4147   -2   3   2         4
                44.18          5.74        2.3801    1   2   3         4
                44.27          1.68        2.3758    0   4   0         2
                44.28          1.01        2.3754    3   2   1         4
                45.39          8.46        2.3202    0   0   4         2
                45.57         18.61        2.3116   -1   1   4         4
                45.57         21.97        2.3114    4   0   0         2
                45.78         18.17        2.3015    0   4   1         4
                45.90          2.14        2.2955   -2   0   4         2
                46.04          4.73        2.2891   -4   0   2         2
                46.55          1.31        2.2653    3   1   2         4
                46.80          6.89        2.2540    0   1   4         4
                46.98          1.10        2.2460    4   1   0         4
                47.17          9.57        2.2371   -1   3   3         4
                47.26          1.61        2.2332   -3   3   1         4
                47.44         11.16        2.2254   -4   1   2         4
                47.81          3.29        2.2089    3   3   0         4
                47.92          6.67        2.2042    1   4   1         4
                49.51          1.10        2.1375   -2   3   3         4
                49.70         10.75        2.1302   -1   2   4         4
                50.09          2.12        2.1147    0   4   2         4
                50.24          6.78        2.1087   -2   4   1         4
                50.57          6.95        2.0959    2   2   3         4
                50.62          3.11        2.0938    3   2   2         4
                50.84         10.52        2.0855    1   1   4         4
                51.45          2.12        2.0623   -4   2   2         4
                51.78          1.52        2.0500   -3   1   4         4
                51.85          4.29        2.0473   -4   1   3         4
                52.75          2.20        2.0151    2   4   1         4
                53.06          1.83        2.0039   -2   4   2         4
                54.08          2.67        1.9692    3   0   3         2
                54.46         15.77        1.9562   -3   3   3         4
                54.82          7.39        1.9446    4   2   1         4
                55.64          5.01        1.9181   -4   2   3         4
                56.03          5.60        1.9058    2   0   4         2
                56.07          1.40        1.9044   -1   3   4         4
                56.22          2.43        1.8998   -4   3   1         4
                56.25          1.76        1.8989   -1   4   3         4
                56.33          3.24        1.8965   -3   4   1         4
                56.73         15.48        1.8842    0   4   3         4
                56.82          4.03        1.8816    3   4   0         4
                57.48          1.63        1.8617    1   5   0         4
                57.58          1.53        1.8587   -2   3   4         4
                57.69          6.17        1.8554   -4   3   2         4
                58.14          1.18        1.8422   -2   1   5         4
                58.34          2.73        1.8365   -5   1   2         4
================================================================================
       XPOW Copyright 1993 Bob Downs, Ranjini Swaminathan and Kurt Bartelmehs
  For reference, see Downs et al. (1993) American Mineralogist 78, 1104-1107.