      Tobermorite
      Merlino S, Bonaccorsi E, Armbruster T
      European Journal of Mineralogy 12 (2000) 411-429
      The real structure of clinotobermorite and tobermorite 9 A:
      OD character, polytypes, and structural relationships
      Sample: MDO2
      _database_code_amcsd 0006833
      CELL PARAMETERS:  11.1560  7.3030  9.5660  101.080   92.830   89.980
      SPACE GROUP: C-1       
      X-RAY WAVELENGTH:     1.790290
      Cell Volume:    763.870
      Density (g/cm3):      2.856
      MAX. ABS. INTENSITY / VOLUME**2:      3.145600500    
      RIR:      0.514
      RIR based on corundum from Acta Crystallographica A38 (1982) 733-739
               2-THETA      INTENSITY    D-SPACING   H   K   L   Multiplicity
                10.96         38.59        9.3758    0   0   1         2
                17.01          6.41        6.0531   -1   1   0         2
                17.15          6.12        6.0020    1   1   0         2
                18.56          3.01        5.5516   -1  -1   1         2
                18.97          1.16        5.4310    1  -1   1         2
                21.06         25.18        4.8986   -2   0   1         2
                21.50          4.45        4.7983   -1   1   1         2
                22.02          2.46        4.6879    0   0   2         2
                22.02         21.86        4.6870    2   0   1         2
                25.31         10.56        4.0864   -1  -1   2         2
                28.16         36.74        3.6791   -2   0   2         2
                28.92         10.45        3.5851    0  -2   1         2
                28.93         10.41        3.5833    0   2   0         2
                29.63         54.69        3.5013    2   0   2         2
                29.77         16.77        3.4853   -1   1   2         2
                30.55          4.10        3.3974    1   1   2         2
                31.38         14.27        3.3101   -3   1   0         2
                31.63          4.27        3.2850    3   1   0         2
                32.11         26.85        3.2371   -3  -1   1         2
                32.85          1.52        3.1654    3  -1   1         2
                32.97         29.21        3.1547    0  -2   2         2
                33.01         26.94        3.1511    0   2   1         2
                33.29         48.56        3.1253    0   0   3         2
                33.80         31.33        3.0790   -3   1   1         2
                34.38        100.00        3.0284   -2  -2   1         2
                34.41         92.31        3.0266   -2   2   0         2
                34.55          4.15        3.0141   -1  -1   3         2
                34.71         49.00        3.0013    2  -2   1         2
                34.71         44.64        3.0010    2   2   0         2
                34.97          4.67        2.9793    3   1   1         2
                35.40          9.20        2.9440    1  -1   3         2
                36.28         12.94        2.8754   -3  -1   2         2
                37.48         28.34        2.7860   -2   0   3         2
                37.49         44.74        2.7855    4   0   0         2
                37.82          9.31        2.7620    3  -1   2         2
                38.61          7.83        2.7075   -4   0   1         2
                39.19         46.55        2.6690    2   0   3         2
                39.49          6.06        2.6495   -3   1   2         2
                39.73          2.43        2.6342    4   0   1         2
                39.99          9.09        2.6180    0  -2   3         2
                40.04          8.53        2.6145    0   2   2         2
                40.60         16.72        2.5802    1   1   3         2
                41.33          6.61        2.5368    3   1   2         2
                42.87         11.96        2.4493   -4   0   2         2
                43.76          3.32        2.4022   -2  -2   3         2
                43.81          2.66        2.3992   -2   2   2         2
                44.90         31.17        2.3440    0   0   4         2
                44.91          4.61        2.3435    4   0   2         2
                45.03          2.30        2.3379    2  -2   3         2
                45.07          1.66        2.3357    2   2   2         2
                45.16          4.02        2.3313    1   3   0         2
                45.31          1.20        2.3242    3  -1   3         2
                45.96         18.29        2.2927    1  -1   4         2
                46.65          1.90        2.2608    1  -3   2         2
                48.01         20.66        2.2004   -2   0   4         2
                48.27          1.62        2.1893    4   2   0         2
                48.27          1.66        2.1891    4  -2   1         2
                48.46          1.12        2.1812   -1   3   1         2
                48.93          6.61        2.1613    0  -2   4         2
                49.00          5.32        2.1585    0   2   3         2
                50.08         10.29        2.1151   -4  -2   2         2
                50.12         10.48        2.1135   -4   2   1         2
                51.46         15.96        2.0620    4  -2   2         2
                51.47         16.39        2.0615    4   2   1         2
                51.61          3.60        2.0562    1   1   4         2
                51.97          3.11        2.0432   -2  -2   4         2
                52.04          3.25        2.0406   -2   2   3         2
                52.15          2.09        2.0364   -3  -3   1         2
                52.34          1.46        2.0298    3  -3   1         2
                52.35          2.19        2.0294    4   0   3         2
                52.67          1.82        2.0177   -3   3   0         2
                52.77          1.56        2.0143   -5  -1   2         2
                53.53          9.40        1.9879    2  -2   4         2
                53.58         11.14        1.9859    2   2   3         2
                54.89         16.81        1.9422   -4  -2   3         2
                54.95         17.48        1.9403   -4   2   2         2
                54.97          1.07        1.9397    1   3   2         2
                55.10          1.62        1.9352   -5   1   2         2
                55.58          2.66        1.9199   -3   3   1         2
                56.40          1.05        1.8942   -1  -1   5         2
                57.03          1.54        1.8752    0   0   5         2
                57.03         12.45        1.8749    4  -2   3         2
                57.07         12.12        1.8740    4   2   2         2
                57.64          1.14        1.8570    6   0   0         2
                57.86          5.74        1.8505   -3  -3   3         2
                58.72         46.52        1.8257    0  -4   1         2
                59.26          1.20        1.8107    0  -2   5         2
                59.33          1.52        1.8086    0   2   4         2
                59.47          6.53        1.8048   -2   0   5         2
                59.92          2.42        1.7925    0  -4   2         2
                59.95          2.71        1.7916    0   4   0         2
================================================================================
       XPOW Copyright 1993 Bob Downs, Ranjini Swaminathan and Kurt Bartelmehs
  For reference, see Downs et al. (1993) American Mineralogist 78, 1104-1107.