      Zwieselite
      Yakubovich O V, Simonov M A, Matvienko E N, Belov N V
      Doklady Akademii Nauk SSSR 238 (1978) 576-579
      The crystal structure of the synthetic finite Fe-term of the series triplite -
      zwieselite Fe2(PO4)F
      _database_code_amcsd 0012458
      CELL PARAMETERS:  11.9990  9.8900  6.4890   90.000   90.000  107.720
      SPACE GROUP: I2/a      
      X-RAY WAVELENGTH:     1.790290
      Cell Volume:    733.516
      Density (g/cm3):      4.086
      MAX. ABS. INTENSITY / VOLUME**2:      11.17717696    
      RIR:      1.277
      RIR based on corundum from Acta Crystallographica A38 (1982) 733-739
               2-THETA      INTENSITY    D-SPACING   H   K   L   Multiplicity
                18.25          1.54        5.6430    1   0   1         4
                21.91          1.56        4.7104    0   2   0         2
                23.80          2.87        4.3406   -2   2   0         2
                24.09         12.08        4.2903    2  -1   1         4
                26.42          7.66        3.9173   -1   2   1         4
                28.75         53.84        3.6051    2   1   1         4
                30.76         25.16        3.3752    1   2   1         4
                32.03          2.13        3.2445    0   0   2         2
                32.60         67.75        3.1895    2   2   0         2
                33.52          2.18        3.1040    3  -2   1         4
                34.26         91.76        3.0392    1  -1   2         4
                36.49        100.00        2.8593   -4   2   0         2
                36.51          7.35        2.8574    4   0   0         2
                36.92         45.72        2.8267    0   3   1         4
                36.99         17.14        2.8215    2   0   2         4
                38.39         14.74        2.7229    4  -1   1         4
                39.15         13.74        2.6720    0   2   2         4
                40.30         26.73        2.5987    2  -2   2         4
                41.71         24.46        2.5142    3  -1   2         4
                42.74         15.78        2.4568   -2   4   0         2
                43.54          1.55        2.4138    3   2   1         4
                44.61          6.54        2.3584    4  -3   1         4
                44.65          6.63        2.3563    4   1   1         4
                44.68          1.05        2.3552    0   4   0         2
                45.81          7.37        2.2998   -1   4   1         4
                45.89          2.32        2.2960    2   3   1         4
                46.20          1.62        2.2815    3   1   2         4
                46.35          6.21        2.2745    2   2   2         4
                47.65          8.34        2.2159    5  -2   1         4
                47.83          4.21        2.2082   -3   4   1         4
                48.72          2.80        2.1703   -4   4   0         2
                48.77          2.48        2.1679    4   2   0         2
                49.33          5.37        2.1451    4  -2   2         4
                49.77         15.80        2.1271    1   3   2         4
                50.25         24.37        2.1081    0   1   3         4
                51.35          3.12        2.0659    1   4   1         4
                52.52          3.74        2.0231    2  -1   3         4
                53.50          3.81        1.9889   -6   2   0         2
                53.77          3.52        1.9797   -1   2   3         4
                53.88         20.47        1.9759    2   4   0         2
                54.39          5.30        1.9586   -2   4   2         4
                55.09          4.15        1.9355    2   1   3         4
                55.37          1.14        1.9268    5  -1   2         4
                56.02          2.28        1.9060    0   4   2         4
                56.06          4.02        1.9050    6   0   0         2
                56.18         17.93        1.9012    6  -1   1         4
                56.49          1.08        1.8914   -2   5   1         4
                56.80          2.53        1.8820    5  -4   1         4
                56.83          2.79        1.8810    3   0   3         4
                58.61          6.17        1.8289    6  -3   1         4
                59.04         10.69        1.8168    5  -3   2         4
                59.30          8.74        1.8094    0   5   1         4
                59.50         11.30        1.8039    4  -4   2         4
                59.98          1.78        1.7907   -2   3   3         4
================================================================================
       XPOW Copyright 1993 Bob Downs, Ranjini Swaminathan and Kurt Bartelmehs
  For reference, see Downs et al. (1993) American Mineralogist 78, 1104-1107.